"Plot Title: hobo39"
"#","Date Time, GMT-04:00","Temp, °C (LGR S/N: 2407062, SEN S/N: 2407062)","Coupler Attached (LGR S/N: 2407062)","Host Connected (LGR S/N: 2407062)","End Of File (LGR S/N: 2407062)"
1,04/23/24 02:00:00 PM,18.806,,,
2,04/23/24 02:10:00 PM,16.999,,,
3,04/23/24 02:20:00 PM,16.903,,,
4,04/23/24 02:30:00 PM,16.999,,,
5,04/23/24 02:40:00 PM,16.999,,,
6,04/23/24 02:50:00 PM,16.999,,,
7,04/23/24 03:00:00 PM,16.999,,,
8,04/23/24 03:10:00 PM,16.999,,,
9,04/23/24 03:20:00 PM,16.999,,,
10,04/23/24 03:30:00 PM,16.903,,,
11,04/23/24 03:40:00 PM,16.903,,,
12,04/23/24 03:50:00 PM,16.903,,,
13,04/23/24 04:00:00 PM,16.903,,,
14,04/23/24 04:10:00 PM,16.808,,,
15,04/23/24 04:20:00 PM,16.713,,,
16,04/23/24 04:30:00 PM,16.713,,,
17,04/23/24 04:40:00 PM,16.713,,,
18,04/23/24 04:50:00 PM,16.618,,,
19,04/23/24 05:00:00 PM,16.427,,,
20,04/23/24 05:10:00 PM,16.332,,,
21,04/23/24 05:20:00 PM,16.332,,,
22,04/23/24 05:30:00 PM,16.237,,,
23,04/23/24 05:40:00 PM,16.141,,,
24,04/23/24 05:50:00 PM,15.951,,,
25,04/23/24 06:00:00 PM,15.951,,,
26,04/23/24 06:10:00 PM,15.855,,,
27,04/23/24 06:20:00 PM,15.855,,,
28,04/23/24 06:30:00 PM,15.569,,,
29,04/23/24 06:40:00 PM,15.569,,,
30,04/23/24 06:50:00 PM,15.569,,,
31,04/23/24 07:00:00 PM,15.473,,,
32,04/23/24 07:10:00 PM,15.473,,,
33,04/23/24 07:20:00 PM,15.569,,,
34,04/23/24 07:30:00 PM,15.569,,,
35,04/23/24 07:40:00 PM,15.664,,,
36,04/23/24 07:50:00 PM,15.760,,,
37,04/23/24 08:00:00 PM,15.760,,,
38,04/23/24 08:10:00 PM,15.664,,,
39,04/23/24 08:20:00 PM,15.473,,,
40,04/23/24 08:30:00 PM,15.282,,,
41,04/23/24 08:40:00 PM,15.187,,,
42,04/23/24 08:50:00 PM,15.091,,,
43,04/23/24 09:00:00 PM,14.996,,,
44,04/23/24 09:10:00 PM,15.091,,,
45,04/23/24 09:20:00 PM,14.996,,,
46,04/23/24 09:30:00 PM,14.900,,,
47,04/23/24 09:40:00 PM,14.900,,,
48,04/23/24 09:50:00 PM,14.804,,,
49,04/23/24 10:00:00 PM,14.709,,,
50,04/23/24 10:10:00 PM,14.709,,,
51,04/23/24 10:20:00 PM,14.709,,,
52,04/23/24 10:30:00 PM,14.709,,,
53,04/23/24 10:40:00 PM,14.709,,,
54,04/23/24 10:50:00 PM,14.709,,,
55,04/23/24 11:00:00 PM,14.709,,,
56,04/23/24 11:10:00 PM,14.709,,,
57,04/23/24 11:20:00 PM,14.709,,,
58,04/23/24 11:30:00 PM,14.709,,,
59,04/23/24 11:40:00 PM,14.709,,,
60,04/23/24 11:50:00 PM,14.709,,,
61,04/24/24 12:00:00 AM,14.804,,,
62,04/24/24 12:10:00 AM,14.804,,,
63,04/24/24 12:20:00 AM,14.709,,,
64,04/24/24 12:30:00 AM,14.613,,,
65,04/24/24 12:40:00 AM,14.613,,,
66,04/24/24 12:50:00 AM,14.517,,,
67,04/24/24 01:00:00 AM,14.421,,,
68,04/24/24 01:10:00 AM,14.421,,,
69,04/24/24 01:20:00 AM,14.517,,,
70,04/24/24 01:30:00 AM,14.517,,,
71,04/24/24 01:40:00 AM,14.517,,,
72,04/24/24 01:50:00 AM,14.421,,,
73,04/24/24 02:00:00 AM,14.421,,,
74,04/24/24 02:10:00 AM,14.421,,,
75,04/24/24 02:20:00 AM,14.421,,,
76,04/24/24 02:30:00 AM,14.421,,,
77,04/24/24 02:40:00 AM,14.421,,,
78,04/24/24 02:50:00 AM,14.325,,,
79,04/24/24 03:00:00 AM,14.325,,,
80,04/24/24 03:10:00 AM,14.325,,,
81,04/24/24 03:20:00 AM,14.421,,,
82,04/24/24 03:30:00 AM,14.325,,,
83,04/24/24 03:40:00 AM,14.421,,,
84,04/24/24 03:50:00 AM,14.421,,,
85,04/24/24 04:00:00 AM,14.325,,,
86,04/24/24 04:10:00 AM,14.325,,,
87,04/24/24 04:20:00 AM,14.421,,,
88,04/24/24 04:30:00 AM,14.517,,,
89,04/24/24 04:40:00 AM,14.613,,,
90,04/24/24 04:50:00 AM,14.900,,,
91,04/24/24 05:00:00 AM,14.709,,,
92,04/24/24 05:10:00 AM,14.517,,,
93,04/24/24 05:20:00 AM,14.613,,,
94,04/24/24 05:30:00 AM,14.613,,,
95,04/24/24 05:40:00 AM,14.613,,,
96,04/24/24 05:50:00 AM,14.709,,,
97,04/24/24 06:00:00 AM,14.804,,,
98,04/24/24 06:10:00 AM,14.804,,,
99,04/24/24 06:20:00 AM,14.900,,,
100,04/24/24 06:30:00 AM,14.900,,,
101,04/24/24 06:40:00 AM,14.900,,,
102,04/24/24 06:50:00 AM,15.091,,,
103,04/24/24 07:00:00 AM,15.091,,,
104,04/24/24 07:10:00 AM,15.091,,,
105,04/24/24 07:20:00 AM,14.996,,,
106,04/24/24 07:30:00 AM,14.996,,,
107,04/24/24 07:40:00 AM,14.996,,,
108,04/24/24 07:50:00 AM,15.091,,,
109,04/24/24 08:00:00 AM,15.187,,,
110,04/24/24 08:10:00 AM,15.187,,,
111,04/24/24 08:20:00 AM,15.282,,,
112,04/24/24 08:30:00 AM,15.282,,,
113,04/24/24 08:40:00 AM,15.091,,,
114,04/24/24 08:50:00 AM,15.091,,,
115,04/24/24 09:00:00 AM,15.187,,,
116,04/24/24 09:10:00 AM,15.187,,,
117,04/24/24 09:20:00 AM,15.091,,,
118,04/24/24 09:30:00 AM,15.187,,,
119,04/24/24 09:40:00 AM,15.187,,,
120,04/24/24 09:50:00 AM,15.187,,,
121,04/24/24 10:00:00 AM,15.187,,,
122,04/24/24 10:10:00 AM,15.282,,,
123,04/24/24 10:20:00 AM,15.282,,,
124,04/24/24 10:30:00 AM,15.378,,,
125,04/24/24 10:40:00 AM,15.473,,,
126,04/24/24 10:50:00 AM,15.569,,,
127,04/24/24 11:00:00 AM,15.664,,,
128,04/24/24 11:10:00 AM,15.664,,,
129,04/24/24 11:20:00 AM,15.473,,,
130,04/24/24 11:30:00 AM,15.569,,,
131,04/24/24 11:40:00 AM,15.760,,,
132,04/24/24 11:50:00 AM,15.951,,,
133,04/24/24 12:00:00 PM,15.760,,,
134,04/24/24 12:10:00 PM,15.855,,,
135,04/24/24 12:20:00 PM,15.664,,,
136,04/24/24 12:30:00 PM,15.760,,,
137,04/24/24 12:40:00 PM,15.951,,,
138,04/24/24 12:50:00 PM,16.046,,,
139,04/24/24 01:00:00 PM,16.046,,,
140,04/24/24 01:10:00 PM,16.046,,,
141,04/24/24 01:20:00 PM,15.951,,,
142,04/24/24 01:30:00 PM,16.237,,,
143,04/24/24 01:40:00 PM,16.237,,,
144,04/24/24 01:50:00 PM,16.427,,,
145,04/24/24 02:00:00 PM,16.523,,,
146,04/24/24 02:10:00 PM,16.523,,,
147,04/24/24 02:20:00 PM,16.237,,,
148,04/24/24 02:30:00 PM,16.141,,,
149,04/24/24 02:40:00 PM,16.523,,,
150,04/24/24 02:50:00 PM,16.523,,,
151,04/24/24 03:00:00 PM,16.618,,,
152,04/24/24 03:10:00 PM,16.523,,,
153,04/24/24 03:20:00 PM,16.523,,,
154,04/24/24 03:30:00 PM,16.523,,,
155,04/24/24 03:40:00 PM,16.618,,,
156,04/24/24 03:50:00 PM,16.713,,,
157,04/24/24 04:00:00 PM,16.427,,,
158,04/24/24 04:10:00 PM,16.427,,,
159,04/24/24 04:20:00 PM,16.427,,,
160,04/24/24 04:30:00 PM,16.618,,,
161,04/24/24 04:40:00 PM,16.523,,,
162,04/24/24 04:50:00 PM,16.427,,,
163,04/24/24 05:00:00 PM,16.618,,,
164,04/24/24 05:10:00 PM,16.618,,,
165,04/24/24 05:20:00 PM,16.523,,,
166,04/24/24 05:30:00 PM,16.523,,,
167,04/24/24 05:40:00 PM,16.523,,,
168,04/24/24 05:50:00 PM,16.427,,,
169,04/24/24 06:00:00 PM,16.523,,,
170,04/24/24 06:10:00 PM,16.523,,,
171,04/24/24 06:20:00 PM,16.523,,,
172,04/24/24 06:30:00 PM,16.523,,,
173,04/24/24 06:40:00 PM,16.618,,,
174,04/24/24 06:50:00 PM,16.618,,,
175,04/24/24 07:00:00 PM,16.523,,,
176,04/24/24 07:10:00 PM,16.523,,,
177,04/24/24 07:20:00 PM,16.523,,,
178,04/24/24 07:30:00 PM,16.713,,,
179,04/24/24 07:40:00 PM,16.713,,,
180,04/24/24 07:50:00 PM,16.713,,,
181,04/24/24 08:00:00 PM,16.713,,,
182,04/24/24 08:10:00 PM,16.713,,,
183,04/24/24 08:20:00 PM,16.713,,,
184,04/24/24 08:30:00 PM,16.808,,,
185,04/24/24 08:40:00 PM,16.808,,,
186,04/24/24 08:50:00 PM,16.903,,,
187,04/24/24 09:00:00 PM,16.903,,,
188,04/24/24 09:10:00 PM,16.999,,,
189,04/24/24 09:20:00 PM,17.189,,,
190,04/24/24 09:30:00 PM,17.189,,,
191,04/24/24 09:40:00 PM,17.379,,,
192,04/24/24 09:50:00 PM,17.284,,,
193,04/24/24 10:00:00 PM,17.379,,,
194,04/24/24 10:10:00 PM,17.379,,,
195,04/24/24 10:20:00 PM,17.475,,,
196,04/24/24 10:30:00 PM,17.379,,,
197,04/24/24 10:40:00 PM,17.475,,,
198,04/24/24 10:50:00 PM,17.379,,,
199,04/24/24 11:00:00 PM,17.379,,,
200,04/24/24 11:10:00 PM,17.379,,,
201,04/24/24 11:20:00 PM,17.379,,,
202,04/24/24 11:30:00 PM,17.379,,,
203,04/24/24 11:40:00 PM,17.284,,,
204,04/24/24 11:50:00 PM,17.284,,,
205,04/25/24 12:00:00 AM,17.284,,,
206,04/25/24 12:10:00 AM,17.284,,,
207,04/25/24 12:20:00 AM,17.284,,,
208,04/25/24 12:30:00 AM,17.284,,,
209,04/25/24 12:40:00 AM,17.284,,,
210,04/25/24 12:50:00 AM,17.284,,,
211,04/25/24 01:00:00 AM,17.284,,,
212,04/25/24 01:10:00 AM,17.189,,,
213,04/25/24 01:20:00 AM,17.189,,,
214,04/25/24 01:30:00 AM,17.189,,,
215,04/25/24 01:40:00 AM,17.189,,,
216,04/25/24 01:50:00 AM,17.189,,,
217,04/25/24 02:00:00 AM,17.189,,,
218,04/25/24 02:10:00 AM,17.189,,,
219,04/25/24 02:20:00 AM,17.094,,,
220,04/25/24 02:30:00 AM,17.094,,,
221,04/25/24 02:40:00 AM,17.094,,,
222,04/25/24 02:50:00 AM,17.094,,,
223,04/25/24 03:00:00 AM,17.094,,,
224,04/25/24 03:10:00 AM,17.094,,,
225,04/25/24 03:20:00 AM,17.094,,,
226,04/25/24 03:30:00 AM,16.999,,,
227,04/25/24 03:40:00 AM,16.999,,,
228,04/25/24 03:50:00 AM,17.094,,,
229,04/25/24 04:00:00 AM,16.999,,,
230,04/25/24 04:10:00 AM,16.999,,,
231,04/25/24 04:20:00 AM,16.903,,,
232,04/25/24 04:30:00 AM,16.903,,,
233,04/25/24 04:40:00 AM,16.999,,,
234,04/25/24 04:50:00 AM,16.903,,,
235,04/25/24 05:00:00 AM,16.903,,,
236,04/25/24 05:10:00 AM,16.903,,,
237,04/25/24 05:20:00 AM,16.903,,,
238,04/25/24 05:30:00 AM,16.713,,,
239,04/25/24 05:40:00 AM,16.713,,,
240,04/25/24 05:50:00 AM,16.808,,,
241,04/25/24 06:00:00 AM,16.713,,,
242,04/25/24 06:10:00 AM,16.808,,,
243,04/25/24 06:20:00 AM,16.808,,,
244,04/25/24 06:30:00 AM,16.713,,,
245,04/25/24 06:40:00 AM,16.713,,,
246,04/25/24 06:50:00 AM,16.713,,,
247,04/25/24 07:00:00 AM,16.618,,,
248,04/25/24 07:10:00 AM,16.713,,,
249,04/25/24 07:20:00 AM,16.713,,,
250,04/25/24 07:30:00 AM,16.713,,,
251,04/25/24 07:40:00 AM,16.713,,,
252,04/25/24 07:50:00 AM,16.713,,,
253,04/25/24 08:00:00 AM,16.713,,,
254,04/25/24 08:10:00 AM,16.713,,,
255,04/25/24 08:20:00 AM,16.713,,,
256,04/25/24 08:30:00 AM,16.618,,,
257,04/25/24 08:40:00 AM,16.618,,,
258,04/25/24 08:50:00 AM,16.618,,,
259,04/25/24 09:00:00 AM,16.523,,,
260,04/25/24 09:10:00 AM,16.523,,,
261,04/25/24 09:20:00 AM,16.523,,,
262,04/25/24 09:30:00 AM,16.523,,,
263,04/25/24 09:40:00 AM,16.713,,,
264,04/25/24 09:50:00 AM,16.808,,,
265,04/25/24 10:00:00 AM,16.903,,,
266,04/25/24 10:10:00 AM,16.903,,,
267,04/25/24 10:20:00 AM,16.999,,,
268,04/25/24 10:30:00 AM,17.094,,,
269,04/25/24 10:40:00 AM,17.189,,,
270,04/25/24 10:50:00 AM,17.284,,,
271,04/25/24 11:00:00 AM,17.284,,,
272,04/25/24 11:10:00 AM,17.379,,,
273,04/25/24 11:20:00 AM,17.475,,,
274,04/25/24 11:30:00 AM,17.570,,,
275,04/25/24 11:40:00 AM,17.570,,,
276,04/25/24 11:50:00 AM,17.665,,,
277,04/25/24 12:00:00 PM,17.665,,,
278,04/25/24 12:10:00 PM,17.665,,,
279,04/25/24 12:20:00 PM,17.665,,,
280,04/25/24 12:30:00 PM,17.760,,,
281,04/25/24 12:40:00 PM,17.950,,,
282,04/25/24 12:50:00 PM,17.950,,,
283,04/25/24 01:00:00 PM,17.760,,,
284,04/25/24 01:10:00 PM,17.760,,,
285,04/25/24 01:20:00 PM,17.950,,,
286,04/25/24 01:30:00 PM,17.950,,,
287,04/25/24 01:40:00 PM,17.950,,,
288,04/25/24 01:50:00 PM,17.950,,,
289,04/25/24 02:00:00 PM,18.045,,,
290,04/25/24 02:10:00 PM,18.045,,,
291,04/25/24 02:20:00 PM,18.140,,,
292,04/25/24 02:30:00 PM,18.045,,,
293,04/25/24 02:40:00 PM,18.426,,,
294,04/25/24 02:50:00 PM,18.331,,,
295,04/25/24 03:00:00 PM,18.426,,,
296,04/25/24 03:10:00 PM,18.806,,,
297,04/25/24 03:20:00 PM,18.806,,,
298,04/25/24 03:30:00 PM,19.092,,,
299,04/25/24 03:40:00 PM,19.187,,,
300,04/25/24 03:50:00 PM,19.282,,,
301,04/25/24 04:00:00 PM,19.187,,,
302,04/25/24 04:10:00 PM,19.187,,,
303,04/25/24 04:20:00 PM,19.282,,,
304,04/25/24 04:30:00 PM,19.187,,,
305,04/25/24 04:40:00 PM,18.616,,,
306,04/25/24 04:50:00 PM,18.331,,,
307,04/25/24 05:00:00 PM,18.236,,,
308,04/25/24 05:10:00 PM,18.045,,,
309,04/25/24 05:20:00 PM,17.950,,,
310,04/25/24 05:30:00 PM,17.950,,,
311,04/25/24 05:40:00 PM,17.855,,,
312,04/25/24 05:50:00 PM,17.855,,,
313,04/25/24 06:00:00 PM,17.950,,,
314,04/25/24 06:10:00 PM,18.140,,,
315,04/25/24 06:20:00 PM,18.331,,,
316,04/25/24 06:30:00 PM,18.806,,,
317,04/25/24 06:40:00 PM,18.996,,,
318,04/25/24 06:50:00 PM,18.996,,,
319,04/25/24 07:00:00 PM,19.092,,,
320,04/25/24 07:10:00 PM,18.806,,,
321,04/25/24 07:20:00 PM,18.616,,,
322,04/25/24 07:30:00 PM,18.331,,,
323,04/25/24 07:40:00 PM,18.426,,,
324,04/25/24 07:50:00 PM,17.950,,,
325,04/25/24 08:00:00 PM,17.855,,,
326,04/25/24 08:10:00 PM,17.760,,,
327,04/25/24 08:20:00 PM,17.665,,,
328,04/25/24 08:30:00 PM,17.570,,,
329,04/25/24 08:40:00 PM,17.475,,,
330,04/25/24 08:50:00 PM,17.475,,,
331,04/25/24 09:00:00 PM,17.475,,,
332,04/25/24 09:10:00 PM,17.475,,,
333,04/25/24 09:20:00 PM,17.475,,,
334,04/25/24 09:30:00 PM,17.570,,,
335,04/25/24 09:40:00 PM,17.475,,,
336,04/25/24 09:50:00 PM,17.379,,,
337,04/25/24 10:00:00 PM,17.284,,,
338,04/25/24 10:10:00 PM,17.284,,,
339,04/25/24 10:20:00 PM,17.284,,,
340,04/25/24 10:30:00 PM,17.189,,,
341,04/25/24 10:40:00 PM,17.189,,,
342,04/25/24 10:50:00 PM,17.189,,,
343,04/25/24 11:00:00 PM,17.284,,,
344,04/25/24 11:10:00 PM,17.284,,,
345,04/25/24 11:20:00 PM,17.284,,,
346,04/25/24 11:30:00 PM,17.284,,,
347,04/25/24 11:40:00 PM,17.379,,,
348,04/25/24 11:50:00 PM,17.475,,,
349,04/26/24 12:00:00 AM,17.570,,,
350,04/26/24 12:10:00 AM,17.665,,,
351,04/26/24 12:20:00 AM,18.045,,,
352,04/26/24 12:30:00 AM,18.331,,,
353,04/26/24 12:40:00 AM,18.616,,,
354,04/26/24 12:50:00 AM,18.711,,,
355,04/26/24 01:00:00 AM,18.616,,,
356,04/26/24 01:10:00 AM,18.616,,,
357,04/26/24 01:20:00 AM,18.616,,,
358,04/26/24 01:30:00 AM,18.616,,,
359,04/26/24 01:40:00 AM,18.616,,,
360,04/26/24 01:50:00 AM,18.616,,,
361,04/26/24 02:00:00 AM,18.616,,,
362,04/26/24 02:10:00 AM,18.616,,,
363,04/26/24 02:20:00 AM,18.616,,,
364,04/26/24 02:30:00 AM,18.616,,,
365,04/26/24 02:40:00 AM,18.521,,,
366,04/26/24 02:50:00 AM,18.426,,,
367,04/26/24 03:00:00 AM,18.426,,,
368,04/26/24 03:10:00 AM,18.426,,,
369,04/26/24 03:20:00 AM,18.426,,,
370,04/26/24 03:30:00 AM,18.331,,,
371,04/26/24 03:40:00 AM,18.236,,,
372,04/26/24 03:50:00 AM,18.236,,,
373,04/26/24 04:00:00 AM,18.236,,,
374,04/26/24 04:10:00 AM,18.140,,,
375,04/26/24 04:20:00 AM,18.045,,,
376,04/26/24 04:30:00 AM,18.045,,,
377,04/26/24 04:40:00 AM,18.045,,,
378,04/26/24 04:50:00 AM,17.950,,,
379,04/26/24 05:00:00 AM,17.950,,,
380,04/26/24 05:10:00 AM,17.950,,,
381,04/26/24 05:20:00 AM,17.950,,,
382,04/26/24 05:30:00 AM,17.950,,,
383,04/26/24 05:40:00 AM,17.950,,,
384,04/26/24 05:50:00 AM,17.950,,,
385,04/26/24 06:00:00 AM,17.950,,,
386,04/26/24 06:10:00 AM,17.950,,,
387,04/26/24 06:20:00 AM,18.045,,,
388,04/26/24 06:30:00 AM,18.045,,,
389,04/26/24 06:40:00 AM,18.045,,,
390,04/26/24 06:50:00 AM,18.140,,,
391,04/26/24 07:00:00 AM,18.140,,,
392,04/26/24 07:10:00 AM,18.140,,,
393,04/26/24 07:20:00 AM,18.140,,,
394,04/26/24 07:30:00 AM,18.140,,,
395,04/26/24 07:40:00 AM,18.140,,,
396,04/26/24 07:50:00 AM,18.045,,,
397,04/26/24 08:00:00 AM,18.140,,,
398,04/26/24 08:10:00 AM,18.045,,,
399,04/26/24 08:20:00 AM,18.140,,,
400,04/26/24 08:30:00 AM,18.140,,,
401,04/26/24 08:40:00 AM,18.140,,,
402,04/26/24 08:50:00 AM,18.140,,,
403,04/26/24 09:00:00 AM,18.140,,,
404,04/26/24 09:10:00 AM,18.140,,,
405,04/26/24 09:20:00 AM,18.140,,,
406,04/26/24 09:30:00 AM,18.140,,,
407,04/26/24 09:40:00 AM,18.045,,,
408,04/26/24 09:50:00 AM,17.855,,,
409,04/26/24 10:00:00 AM,17.760,,,
410,04/26/24 10:10:00 AM,17.760,,,
411,04/26/24 10:20:00 AM,17.950,,,
412,04/26/24 10:30:00 AM,17.950,,,
413,04/26/24 10:40:00 AM,17.950,,,
414,04/26/24 10:50:00 AM,17.950,,,
415,04/26/24 11:00:00 AM,17.950,,,
416,04/26/24 11:10:00 AM,18.045,,,
417,04/26/24 11:20:00 AM,18.045,,,
418,04/26/24 11:30:00 AM,18.045,,,
419,04/26/24 11:40:00 AM,18.140,,,
420,04/26/24 11:50:00 AM,18.045,,,
421,04/26/24 12:00:00 PM,18.045,,,
422,04/26/24 12:10:00 PM,18.045,,,
423,04/26/24 12:20:00 PM,18.140,,,
424,04/26/24 12:30:00 PM,18.140,,,
425,04/26/24 12:40:00 PM,18.140,,,
426,04/26/24 12:50:00 PM,18.236,,,
427,04/26/24 01:00:00 PM,18.236,,,
428,04/26/24 01:10:00 PM,18.236,,,
429,04/26/24 01:20:00 PM,18.236,,,
430,04/26/24 01:30:00 PM,18.045,,,
431,04/26/24 01:40:00 PM,17.855,,,
432,04/26/24 01:50:00 PM,17.950,,,
433,04/26/24 02:00:00 PM,17.855,,,
434,04/26/24 02:10:00 PM,17.950,,,
435,04/26/24 02:20:00 PM,17.855,,,
436,04/26/24 02:30:00 PM,17.570,,,
437,04/26/24 02:40:00 PM,17.475,,,
438,04/26/24 02:50:00 PM,17.284,,,
439,04/26/24 03:00:00 PM,17.379,,,
440,04/26/24 03:10:00 PM,17.189,,,
441,04/26/24 03:20:00 PM,17.189,,,
442,04/26/24 03:30:00 PM,17.284,,,
443,04/26/24 03:40:00 PM,17.284,,,
444,04/26/24 03:50:00 PM,17.379,,,
445,04/26/24 04:00:00 PM,17.284,,,
446,04/26/24 04:10:00 PM,17.284,,,
447,04/26/24 04:20:00 PM,17.284,,,
448,04/26/24 04:30:00 PM,17.189,,,
449,04/26/24 04:40:00 PM,17.189,,,
450,04/26/24 04:50:00 PM,17.094,,,
451,04/26/24 05:00:00 PM,17.094,,,
452,04/26/24 05:10:00 PM,17.189,,,
453,04/26/24 05:20:00 PM,17.094,,,
454,04/26/24 05:30:00 PM,17.189,,,
455,04/26/24 05:40:00 PM,17.094,,,
456,04/26/24 05:50:00 PM,17.189,,,
457,04/26/24 06:00:00 PM,17.189,,,
458,04/26/24 06:10:00 PM,17.189,,,
459,04/26/24 06:20:00 PM,17.189,,,
460,04/26/24 06:30:00 PM,17.189,,,
461,04/26/24 06:40:00 PM,17.284,,,
462,04/26/24 06:50:00 PM,17.284,,,
463,04/26/24 07:00:00 PM,17.284,,,
464,04/26/24 07:10:00 PM,17.284,,,
465,04/26/24 07:20:00 PM,17.379,,,
466,04/26/24 07:30:00 PM,17.379,,,
467,04/26/24 07:40:00 PM,17.475,,,
468,04/26/24 07:50:00 PM,17.379,,,
469,04/26/24 08:00:00 PM,17.379,,,
470,04/26/24 08:10:00 PM,17.475,,,
471,04/26/24 08:20:00 PM,17.570,,,
472,04/26/24 08:30:00 PM,17.665,,,
473,04/26/24 08:40:00 PM,17.475,,,
474,04/26/24 08:50:00 PM,17.379,,,
475,04/26/24 09:00:00 PM,17.475,,,
476,04/26/24 09:10:00 PM,17.570,,,
477,04/26/24 09:20:00 PM,17.570,,,
478,04/26/24 09:30:00 PM,17.570,,,
479,04/26/24 09:40:00 PM,17.475,,,
480,04/26/24 09:50:00 PM,17.475,,,
481,04/26/24 10:00:00 PM,17.284,,,
482,04/26/24 10:10:00 PM,17.189,,,
483,04/26/24 10:20:00 PM,17.189,,,
484,04/26/24 10:30:00 PM,17.189,,,
485,04/26/24 10:40:00 PM,17.094,,,
486,04/26/24 10:50:00 PM,17.094,,,
487,04/26/24 11:00:00 PM,17.094,,,
488,04/26/24 11:10:00 PM,16.999,,,
489,04/26/24 11:20:00 PM,16.999,,,
490,04/26/24 11:30:00 PM,16.903,,,
491,04/26/24 11:40:00 PM,16.999,,,
492,04/26/24 11:50:00 PM,16.903,,,
493,04/27/24 12:00:00 AM,16.903,,,
494,04/27/24 12:10:00 AM,16.808,,,
495,04/27/24 12:20:00 AM,16.713,,,
496,04/27/24 12:30:00 AM,16.618,,,
497,04/27/24 12:40:00 AM,16.618,,,
498,04/27/24 12:50:00 AM,16.523,,,
499,04/27/24 01:00:00 AM,16.523,,,
500,04/27/24 01:10:00 AM,16.523,,,
501,04/27/24 01:20:00 AM,16.332,,,
502,04/27/24 01:30:00 AM,16.237,,,
503,04/27/24 01:40:00 AM,16.237,,,
504,04/27/24 01:50:00 AM,16.237,,,
505,04/27/24 02:00:00 AM,16.237,,,
506,04/27/24 02:10:00 AM,16.237,,,
507,04/27/24 02:20:00 AM,16.237,,,
508,04/27/24 02:30:00 AM,16.237,,,
509,04/27/24 02:40:00 AM,16.237,,,
510,04/27/24 02:50:00 AM,16.237,,,
511,04/27/24 03:00:00 AM,16.237,,,
512,04/27/24 03:10:00 AM,16.237,,,
513,04/27/24 03:20:00 AM,16.237,,,
514,04/27/24 03:30:00 AM,16.237,,,
515,04/27/24 03:40:00 AM,16.237,,,
516,04/27/24 03:50:00 AM,16.237,,,
517,04/27/24 04:00:00 AM,16.237,,,
518,04/27/24 04:10:00 AM,16.237,,,
519,04/27/24 04:20:00 AM,16.237,,,
520,04/27/24 04:30:00 AM,16.237,,,
521,04/27/24 04:40:00 AM,16.141,,,
522,04/27/24 04:50:00 AM,16.237,,,
523,04/27/24 05:00:00 AM,16.237,,,
524,04/27/24 05:10:00 AM,16.332,,,
525,04/27/24 05:20:00 AM,16.332,,,
526,04/27/24 05:30:00 AM,16.332,,,
527,04/27/24 05:40:00 AM,16.332,,,
528,04/27/24 05:50:00 AM,16.332,,,
529,04/27/24 06:00:00 AM,16.332,,,
530,04/27/24 06:10:00 AM,16.332,,,
531,04/27/24 06:20:00 AM,16.332,,,
532,04/27/24 06:30:00 AM,16.332,,,
533,04/27/24 06:40:00 AM,16.332,,,
534,04/27/24 06:50:00 AM,16.332,,,
535,04/27/24 07:00:00 AM,16.427,,,
536,04/27/24 07:10:00 AM,16.427,,,
537,04/27/24 07:20:00 AM,16.427,,,
538,04/27/24 07:30:00 AM,16.427,,,
539,04/27/24 07:40:00 AM,16.427,,,
540,04/27/24 07:50:00 AM,16.427,,,
541,04/27/24 08:00:00 AM,16.427,,,
542,04/27/24 08:10:00 AM,16.523,,,
543,04/27/24 08:20:00 AM,16.523,,,
544,04/27/24 08:30:00 AM,16.523,,,
545,04/27/24 08:40:00 AM,16.523,,,
546,04/27/24 08:50:00 AM,16.523,,,
547,04/27/24 09:00:00 AM,16.523,,,
548,04/27/24 09:10:00 AM,16.523,,,
549,04/27/24 09:20:00 AM,16.618,,,
550,04/27/24 09:30:00 AM,16.618,,,
551,04/27/24 09:40:00 AM,16.713,,,
552,04/27/24 09:50:00 AM,16.713,,,
553,04/27/24 10:00:00 AM,16.713,,,
554,04/27/24 10:10:00 AM,16.713,,,
555,04/27/24 10:20:00 AM,16.808,,,
556,04/27/24 10:30:00 AM,16.903,,,
557,04/27/24 10:40:00 AM,16.903,,,
558,04/27/24 10:50:00 AM,16.903,,,
559,04/27/24 11:00:00 AM,16.999,,,
560,04/27/24 11:10:00 AM,16.713,,,
561,04/27/24 11:20:00 AM,16.808,,,
562,04/27/24 11:30:00 AM,16.903,,,
563,04/27/24 11:40:00 AM,16.999,,,
564,04/27/24 11:50:00 AM,16.903,,,
565,04/27/24 12:00:00 PM,16.999,,,
566,04/27/24 12:10:00 PM,17.094,,,
567,04/27/24 12:20:00 PM,16.903,,,
568,04/27/24 12:30:00 PM,16.999,,,
569,04/27/24 12:40:00 PM,17.094,,,
570,04/27/24 12:50:00 PM,17.094,,,
571,04/27/24 01:00:00 PM,17.094,,,
572,04/27/24 01:10:00 PM,17.189,,,
573,04/27/24 01:20:00 PM,17.189,,,
574,04/27/24 01:30:00 PM,17.189,,,
575,04/27/24 01:40:00 PM,17.189,,,
576,04/27/24 01:50:00 PM,17.284,,,
577,04/27/24 02:00:00 PM,17.284,,,
578,04/27/24 02:10:00 PM,17.379,,,
579,04/27/24 02:20:00 PM,17.379,,,
580,04/27/24 02:30:00 PM,17.284,,,
581,04/27/24 02:40:00 PM,17.284,,,
582,04/27/24 02:50:00 PM,17.379,,,
583,04/27/24 03:00:00 PM,17.284,,,
584,04/27/24 03:10:00 PM,17.379,,,
585,04/27/24 03:20:00 PM,17.379,,,
586,04/27/24 03:30:00 PM,17.284,,,
587,04/27/24 03:40:00 PM,17.284,,,
588,04/27/24 03:50:00 PM,17.284,,,
589,04/27/24 04:00:00 PM,17.570,,,
590,04/27/24 04:10:00 PM,17.475,,,
591,04/27/24 04:20:00 PM,17.665,,,
592,04/27/24 04:30:00 PM,17.950,,,
593,04/27/24 04:40:00 PM,18.045,,,
594,04/27/24 04:50:00 PM,18.806,,,
595,04/27/24 05:00:00 PM,18.901,,,
596,04/27/24 05:10:00 PM,19.092,,,
597,04/27/24 05:20:00 PM,17.950,,,
598,04/27/24 05:30:00 PM,17.760,,,
599,04/27/24 05:40:00 PM,17.855,,,
600,04/27/24 05:50:00 PM,18.236,,,
601,04/27/24 06:00:00 PM,17.760,,,
602,04/27/24 06:10:00 PM,17.950,,,
603,04/27/24 06:20:00 PM,18.045,,,
604,04/27/24 06:30:00 PM,18.616,,,
605,04/27/24 06:40:00 PM,18.806,,,
606,04/27/24 06:50:00 PM,18.901,,,
607,04/27/24 07:00:00 PM,18.901,,,
608,04/27/24 07:10:00 PM,18.901,,,
609,04/27/24 07:20:00 PM,18.806,,,
610,04/27/24 07:30:00 PM,18.521,,,
611,04/27/24 07:40:00 PM,18.521,,,
612,04/27/24 07:50:00 PM,18.426,,,
613,04/27/24 08:00:00 PM,18.331,,,
614,04/27/24 08:10:00 PM,18.236,,,
615,04/27/24 08:20:00 PM,17.855,,,
616,04/27/24 08:30:00 PM,17.379,,,
617,04/27/24 08:40:00 PM,17.284,,,
618,04/27/24 08:50:00 PM,17.284,,,
619,04/27/24 09:00:00 PM,17.284,,,
620,04/27/24 09:10:00 PM,17.284,,,
621,04/27/24 09:20:00 PM,17.475,,,
622,04/27/24 09:30:00 PM,17.665,,,
623,04/27/24 09:40:00 PM,17.760,,,
624,04/27/24 09:50:00 PM,17.665,,,
625,04/27/24 10:00:00 PM,17.665,,,
626,04/27/24 10:10:00 PM,17.570,,,
627,04/27/24 10:20:00 PM,17.570,,,
628,04/27/24 10:30:00 PM,17.475,,,
629,04/27/24 10:40:00 PM,17.284,,,
630,04/27/24 10:50:00 PM,17.284,,,
631,04/27/24 11:00:00 PM,17.284,,,
632,04/27/24 11:10:00 PM,17.284,,,
633,04/27/24 11:20:00 PM,17.284,,,
634,04/27/24 11:30:00 PM,17.284,,,
635,04/27/24 11:40:00 PM,17.284,,,
636,04/27/24 11:50:00 PM,17.189,,,
637,04/28/24 12:00:00 AM,17.284,,,
638,04/28/24 12:10:00 AM,17.284,,,
639,04/28/24 12:20:00 AM,17.189,,,
640,04/28/24 12:30:00 AM,17.094,,,
641,04/28/24 12:40:00 AM,17.094,,,
642,04/28/24 12:50:00 AM,16.999,,,
643,04/28/24 01:00:00 AM,16.999,,,
644,04/28/24 01:10:00 AM,16.903,,,
645,04/28/24 01:20:00 AM,16.808,,,
646,04/28/24 01:30:00 AM,16.808,,,
647,04/28/24 01:40:00 AM,16.713,,,
648,04/28/24 01:50:00 AM,16.713,,,
649,04/28/24 02:00:00 AM,16.713,,,
650,04/28/24 02:10:00 AM,16.713,,,
651,04/28/24 02:20:00 AM,16.618,,,
652,04/28/24 02:30:00 AM,16.618,,,
653,04/28/24 02:40:00 AM,16.618,,,
654,04/28/24 02:50:00 AM,16.713,,,
655,04/28/24 03:00:00 AM,16.713,,,
656,04/28/24 03:10:00 AM,16.713,,,
657,04/28/24 03:20:00 AM,16.713,,,
658,04/28/24 03:30:00 AM,16.713,,,
659,04/28/24 03:40:00 AM,16.713,,,
660,04/28/24 03:50:00 AM,16.713,,,
661,04/28/24 04:00:00 AM,16.713,,,
662,04/28/24 04:10:00 AM,16.713,,,
663,04/28/24 04:20:00 AM,16.713,,,
664,04/28/24 04:30:00 AM,16.808,,,
665,04/28/24 04:40:00 AM,16.808,,,
666,04/28/24 04:50:00 AM,16.808,,,
667,04/28/24 05:00:00 AM,16.808,,,
668,04/28/24 05:10:00 AM,16.808,,,
669,04/28/24 05:20:00 AM,16.713,,,
670,04/28/24 05:30:00 AM,16.713,,,
671,04/28/24 05:40:00 AM,16.713,,,
672,04/28/24 05:50:00 AM,16.713,,,
673,04/28/24 06:00:00 AM,16.713,,,
674,04/28/24 06:10:00 AM,16.713,,,
675,04/28/24 06:20:00 AM,16.713,,,
676,04/28/24 06:30:00 AM,16.713,,,
677,04/28/24 06:40:00 AM,16.713,,,
678,04/28/24 06:50:00 AM,16.713,,,
679,04/28/24 07:00:00 AM,16.713,,,
680,04/28/24 07:10:00 AM,16.713,,,
681,04/28/24 07:20:00 AM,16.713,,,
682,04/28/24 07:30:00 AM,16.713,,,
683,04/28/24 07:40:00 AM,16.713,,,
684,04/28/24 07:50:00 AM,16.713,,,
685,04/28/24 08:00:00 AM,16.713,,,
686,04/28/24 08:10:00 AM,16.808,,,
687,04/28/24 08:20:00 AM,16.808,,,
688,04/28/24 08:30:00 AM,16.808,,,
689,04/28/24 08:40:00 AM,16.808,,,
690,04/28/24 08:50:00 AM,16.903,,,
691,04/28/24 09:00:00 AM,16.903,,,
692,04/28/24 09:10:00 AM,16.903,,,
693,04/28/24 09:20:00 AM,16.999,,,
694,04/28/24 09:30:00 AM,16.999,,,
695,04/28/24 09:40:00 AM,16.999,,,
696,04/28/24 09:50:00 AM,16.999,,,
697,04/28/24 10:00:00 AM,17.094,,,
698,04/28/24 10:10:00 AM,17.094,,,
699,04/28/24 10:20:00 AM,17.094,,,
700,04/28/24 10:30:00 AM,17.094,,,
701,04/28/24 10:40:00 AM,17.189,,,
702,04/28/24 10:50:00 AM,17.189,,,
703,04/28/24 11:00:00 AM,17.189,,,
704,04/28/24 11:10:00 AM,17.189,,,
705,04/28/24 11:20:00 AM,17.284,,,
706,04/28/24 11:30:00 AM,17.284,,,
707,04/28/24 11:40:00 AM,17.284,,,
708,04/28/24 11:50:00 AM,17.379,,,
709,04/28/24 12:00:00 PM,17.475,,,
710,04/28/24 12:10:00 PM,17.475,,,
711,04/28/24 12:20:00 PM,17.570,,,
712,04/28/24 12:30:00 PM,17.570,,,
713,04/28/24 12:40:00 PM,17.570,,,
714,04/28/24 12:50:00 PM,17.665,,,
715,04/28/24 01:00:00 PM,17.665,,,
716,04/28/24 01:10:00 PM,17.760,,,
717,04/28/24 01:20:00 PM,17.855,,,
718,04/28/24 01:30:00 PM,17.665,,,
719,04/28/24 01:40:00 PM,17.760,,,
720,04/28/24 01:50:00 PM,17.950,,,
721,04/28/24 02:00:00 PM,18.140,,,
722,04/28/24 02:10:00 PM,18.140,,,
723,04/28/24 02:20:00 PM,18.521,,,
724,04/28/24 02:30:00 PM,18.426,,,
725,04/28/24 02:40:00 PM,18.616,,,
726,04/28/24 02:50:00 PM,19.282,,,
727,04/28/24 03:00:00 PM,18.806,,,
728,04/28/24 03:10:00 PM,18.616,,,
729,04/28/24 03:20:00 PM,18.521,,,
730,04/28/24 03:30:00 PM,18.806,,,
731,04/28/24 03:40:00 PM,19.187,,,
732,04/28/24 03:50:00 PM,19.092,,,
733,04/28/24 04:00:00 PM,19.377,,,
734,04/28/24 04:10:00 PM,19.282,,,
735,04/28/24 04:20:00 PM,18.996,,,
736,04/28/24 04:30:00 PM,18.711,,,
737,04/28/24 04:40:00 PM,18.711,,,
738,04/28/24 04:50:00 PM,18.806,,,
739,04/28/24 05:00:00 PM,18.711,,,
740,04/28/24 05:10:00 PM,18.711,,,
741,04/28/24 05:20:00 PM,18.426,,,
742,04/28/24 05:30:00 PM,18.236,,,
743,04/28/24 05:40:00 PM,18.140,,,
744,04/28/24 05:50:00 PM,18.236,,,
745,04/28/24 06:00:00 PM,18.236,,,
746,04/28/24 06:10:00 PM,18.331,,,
747,04/28/24 06:20:00 PM,18.331,,,
748,04/28/24 06:30:00 PM,18.331,,,
749,04/28/24 06:40:00 PM,18.426,,,
750,04/28/24 06:50:00 PM,18.426,,,
751,04/28/24 07:00:00 PM,18.236,,,
752,04/28/24 07:10:00 PM,18.236,,,
753,04/28/24 07:20:00 PM,18.236,,,
754,04/28/24 07:30:00 PM,18.236,,,
755,04/28/24 07:40:00 PM,18.331,,,
756,04/28/24 07:50:00 PM,18.236,,,
757,04/28/24 08:00:00 PM,18.236,,,
758,04/28/24 08:10:00 PM,18.331,,,
759,04/28/24 08:20:00 PM,18.426,,,
760,04/28/24 08:30:00 PM,18.426,,,
761,04/28/24 08:40:00 PM,18.426,,,
762,04/28/24 08:50:00 PM,18.426,,,
763,04/28/24 09:00:00 PM,18.331,,,
764,04/28/24 09:10:00 PM,17.950,,,
765,04/28/24 09:20:00 PM,17.665,,,
766,04/28/24 09:30:00 PM,17.665,,,
767,04/28/24 09:40:00 PM,17.570,,,
768,04/28/24 09:50:00 PM,17.475,,,
769,04/28/24 10:00:00 PM,17.379,,,
770,04/28/24 10:10:00 PM,17.379,,,
771,04/28/24 10:20:00 PM,17.284,,,
772,04/28/24 10:30:00 PM,17.284,,,
773,04/28/24 10:40:00 PM,17.284,,,
774,04/28/24 10:50:00 PM,17.284,,,
775,04/28/24 11:00:00 PM,17.284,,,
776,04/28/24 11:10:00 PM,17.284,,,
777,04/28/24 11:20:00 PM,17.284,,,
778,04/28/24 11:30:00 PM,17.284,,,
779,04/28/24 11:40:00 PM,17.284,,,
780,04/28/24 11:50:00 PM,17.284,,,
781,04/29/24 12:00:00 AM,17.284,,,
782,04/29/24 12:10:00 AM,17.284,,,
783,04/29/24 12:20:00 AM,17.284,,,
784,04/29/24 12:30:00 AM,17.284,,,
785,04/29/24 12:40:00 AM,17.284,,,
786,04/29/24 12:50:00 AM,17.284,,,
787,04/29/24 01:00:00 AM,17.189,,,
788,04/29/24 01:10:00 AM,17.189,,,
789,04/29/24 01:20:00 AM,17.189,,,
790,04/29/24 01:30:00 AM,17.189,,,
791,04/29/24 01:40:00 AM,17.189,,,
792,04/29/24 01:50:00 AM,17.284,,,
793,04/29/24 02:00:00 AM,17.284,,,
794,04/29/24 02:10:00 AM,17.284,,,
795,04/29/24 02:20:00 AM,17.284,,,
796,04/29/24 02:30:00 AM,17.284,,,
797,04/29/24 02:40:00 AM,17.284,,,
798,04/29/24 02:50:00 AM,17.284,,,
799,04/29/24 03:00:00 AM,17.284,,,
800,04/29/24 03:10:00 AM,17.284,,,
801,04/29/24 03:20:00 AM,17.284,,,
802,04/29/24 03:30:00 AM,17.379,,,
803,04/29/24 03:40:00 AM,17.379,,,
804,04/29/24 03:50:00 AM,17.379,,,
805,04/29/24 04:00:00 AM,17.379,,,
806,04/29/24 04:10:00 AM,17.379,,,
807,04/29/24 04:20:00 AM,17.379,,,
808,04/29/24 04:30:00 AM,17.379,,,
809,04/29/24 04:40:00 AM,17.379,,,
810,04/29/24 04:50:00 AM,17.379,,,
811,04/29/24 05:00:00 AM,17.379,,,
812,04/29/24 05:10:00 AM,17.379,,,
813,04/29/24 05:20:00 AM,17.379,,,
814,04/29/24 05:30:00 AM,17.379,,,
815,04/29/24 05:40:00 AM,17.379,,,
816,04/29/24 05:50:00 AM,17.379,,,
817,04/29/24 06:00:00 AM,17.379,,,
818,04/29/24 06:10:00 AM,17.379,,,
819,04/29/24 06:20:00 AM,17.379,,,
820,04/29/24 06:30:00 AM,17.379,,,
821,04/29/24 06:40:00 AM,17.379,,,
822,04/29/24 06:50:00 AM,17.379,,,
823,04/29/24 07:00:00 AM,17.379,,,
824,04/29/24 07:10:00 AM,17.379,,,
825,04/29/24 07:20:00 AM,17.379,,,
826,04/29/24 07:30:00 AM,17.379,,,
827,04/29/24 07:40:00 AM,17.379,,,
828,04/29/24 07:50:00 AM,17.475,,,
829,04/29/24 08:00:00 AM,17.475,,,
830,04/29/24 08:10:00 AM,17.475,,,
831,04/29/24 08:20:00 AM,17.475,,,
832,04/29/24 08:30:00 AM,17.379,,,
833,04/29/24 08:40:00 AM,17.379,,,
834,04/29/24 08:50:00 AM,17.475,,,
835,04/29/24 09:00:00 AM,17.475,,,
836,04/29/24 09:10:00 AM,17.570,,,
837,04/29/24 09:20:00 AM,17.570,,,
838,04/29/24 09:30:00 AM,17.570,,,
839,04/29/24 09:40:00 AM,17.665,,,
840,04/29/24 09:50:00 AM,17.665,,,
841,04/29/24 10:00:00 AM,17.665,,,
842,04/29/24 10:10:00 AM,17.665,,,
843,04/29/24 10:20:00 AM,17.760,,,
844,04/29/24 10:30:00 AM,17.760,,,
845,04/29/24 10:40:00 AM,17.760,,,
846,04/29/24 10:50:00 AM,17.760,,,
847,04/29/24 11:00:00 AM,17.855,,,
848,04/29/24 11:10:00 AM,17.855,,,
849,04/29/24 11:20:00 AM,17.855,,,
850,04/29/24 11:30:00 AM,17.950,,,
851,04/29/24 11:40:00 AM,18.045,,,
852,04/29/24 11:50:00 AM,18.140,,,
853,04/29/24 12:00:00 PM,18.140,,,
854,04/29/24 12:10:00 PM,18.236,,,
855,04/29/24 12:20:00 PM,18.236,,,
856,04/29/24 12:30:00 PM,18.331,,,
857,04/29/24 12:40:00 PM,18.426,,,
858,04/29/24 12:50:00 PM,18.521,,,
859,04/29/24 01:00:00 PM,18.521,,,
860,04/29/24 01:10:00 PM,18.616,,,
861,04/29/24 01:20:00 PM,18.711,,,
862,04/29/24 01:30:00 PM,18.616,,,
863,04/29/24 01:40:00 PM,18.616,,,
864,04/29/24 01:50:00 PM,18.711,,,
865,04/29/24 02:00:00 PM,18.806,,,
866,04/29/24 02:10:00 PM,18.806,,,
867,04/29/24 02:20:00 PM,18.806,,,
868,04/29/24 02:30:00 PM,18.806,,,
869,04/29/24 02:40:00 PM,18.711,,,
870,04/29/24 02:50:00 PM,18.806,,,
871,04/29/24 03:00:00 PM,18.901,,,
872,04/29/24 03:10:00 PM,18.901,,,
873,04/29/24 03:20:00 PM,18.806,,,
874,04/29/24 03:30:00 PM,18.806,,,
875,04/29/24 03:40:00 PM,18.806,,,
876,04/29/24 03:50:00 PM,18.996,,,
877,04/29/24 04:00:00 PM,18.996,,,
878,04/29/24 04:10:00 PM,19.092,,,
879,04/29/24 04:20:00 PM,19.092,,,
880,04/29/24 04:30:00 PM,19.187,,,
881,04/29/24 04:40:00 PM,19.282,,,
882,04/29/24 04:50:00 PM,19.472,,,
883,04/29/24 05:00:00 PM,19.567,,,
884,04/29/24 05:10:00 PM,19.472,,,
885,04/29/24 05:20:00 PM,19.758,,,
886,04/29/24 05:30:00 PM,19.948,,,
887,04/29/24 05:40:00 PM,19.662,,,
888,04/29/24 05:50:00 PM,20.043,,,
889,04/29/24 06:00:00 PM,20.138,,,
890,04/29/24 06:10:00 PM,19.758,,,
891,04/29/24 06:20:00 PM,19.567,,,
892,04/29/24 06:30:00 PM,19.758,,,
893,04/29/24 06:40:00 PM,19.758,,,
894,04/29/24 06:50:00 PM,19.662,,,
895,04/29/24 07:00:00 PM,19.377,,,
896,04/29/24 07:10:00 PM,19.472,,,
897,04/29/24 07:20:00 PM,19.567,,,
898,04/29/24 07:30:00 PM,19.567,,,
899,04/29/24 07:40:00 PM,19.662,,,
900,04/29/24 07:50:00 PM,19.662,,,
901,04/29/24 08:00:00 PM,19.567,,,
902,04/29/24 08:10:00 PM,19.567,,,
903,04/29/24 08:20:00 PM,19.567,,,
904,04/29/24 08:30:00 PM,19.377,,,
905,04/29/24 08:40:00 PM,18.806,,,
906,04/29/24 08:50:00 PM,18.616,,,
907,04/29/24 09:00:00 PM,18.616,,,
908,04/29/24 09:10:00 PM,18.521,,,
909,04/29/24 09:20:00 PM,18.331,,,
910,04/29/24 09:30:00 PM,18.331,,,
911,04/29/24 09:40:00 PM,18.426,,,
912,04/29/24 09:50:00 PM,18.426,,,
913,04/29/24 10:00:00 PM,18.331,,,
914,04/29/24 10:10:00 PM,18.426,,,
915,04/29/24 10:20:00 PM,18.426,,,
916,04/29/24 10:30:00 PM,18.426,,,
917,04/29/24 10:40:00 PM,18.331,,,
918,04/29/24 10:50:00 PM,18.331,,,
919,04/29/24 11:00:00 PM,18.331,,,
920,04/29/24 11:10:00 PM,18.331,,,
921,04/29/24 11:20:00 PM,18.331,,,
922,04/29/24 11:30:00 PM,18.331,,,
923,04/29/24 11:40:00 PM,18.331,,,
924,04/29/24 11:50:00 PM,18.236,,,
925,04/30/24 12:00:00 AM,18.236,,,
926,04/30/24 12:10:00 AM,17.855,,,
927,04/30/24 12:20:00 AM,17.760,,,
928,04/30/24 12:30:00 AM,17.665,,,
929,04/30/24 12:40:00 AM,17.760,,,
930,04/30/24 12:50:00 AM,17.760,,,
931,04/30/24 01:00:00 AM,17.760,,,
932,04/30/24 01:10:00 AM,17.760,,,
933,04/30/24 01:20:00 AM,17.760,,,
934,04/30/24 01:30:00 AM,17.665,,,
935,04/30/24 01:40:00 AM,17.665,,,
936,04/30/24 01:50:00 AM,17.665,,,
937,04/30/24 02:00:00 AM,17.665,,,
938,04/30/24 02:10:00 AM,17.665,,,
939,04/30/24 02:20:00 AM,17.665,,,
940,04/30/24 02:30:00 AM,17.760,,,
941,04/30/24 02:40:00 AM,17.760,,,
942,04/30/24 02:50:00 AM,17.760,,,
943,04/30/24 03:00:00 AM,17.760,,,
944,04/30/24 03:10:00 AM,17.760,,,
945,04/30/24 03:20:00 AM,17.855,,,
946,04/30/24 03:30:00 AM,17.855,,,
947,04/30/24 03:40:00 AM,17.855,,,
948,04/30/24 03:50:00 AM,17.855,,,
949,04/30/24 04:00:00 AM,17.950,,,
950,04/30/24 04:10:00 AM,17.950,,,
951,04/30/24 04:20:00 AM,17.855,,,
952,04/30/24 04:30:00 AM,17.855,,,
953,04/30/24 04:40:00 AM,17.855,,,
954,04/30/24 04:50:00 AM,17.950,,,
955,04/30/24 05:00:00 AM,17.950,,,
956,04/30/24 05:10:00 AM,17.950,,,
957,04/30/24 05:20:00 AM,17.950,,,
958,04/30/24 05:30:00 AM,17.855,,,
959,04/30/24 05:40:00 AM,17.855,,,
960,04/30/24 05:50:00 AM,17.950,,,
961,04/30/24 06:00:00 AM,17.950,,,
962,04/30/24 06:10:00 AM,17.950,,,
963,04/30/24 06:20:00 AM,17.950,,,
964,04/30/24 06:30:00 AM,17.950,,,
965,04/30/24 06:40:00 AM,17.950,,,
966,04/30/24 06:50:00 AM,17.950,,,
967,04/30/24 07:00:00 AM,17.950,,,
968,04/30/24 07:10:00 AM,18.045,,,
969,04/30/24 07:20:00 AM,17.950,,,
970,04/30/24 07:30:00 AM,17.950,,,
971,04/30/24 07:40:00 AM,17.950,,,
972,04/30/24 07:50:00 AM,18.045,,,
973,04/30/24 08:00:00 AM,18.045,,,
974,04/30/24 08:10:00 AM,18.045,,,
975,04/30/24 08:20:00 AM,18.045,,,
976,04/30/24 08:30:00 AM,18.045,,,
977,04/30/24 08:40:00 AM,18.045,,,
978,04/30/24 08:50:00 AM,18.140,,,
979,04/30/24 09:00:00 AM,18.140,,,
980,04/30/24 09:10:00 AM,18.236,,,
981,04/30/24 09:20:00 AM,18.140,,,
982,04/30/24 09:30:00 AM,18.045,,,
983,04/30/24 09:40:00 AM,18.140,,,
984,04/30/24 09:50:00 AM,18.140,,,
985,04/30/24 10:00:00 AM,18.140,,,
986,04/30/24 10:10:00 AM,18.236,,,
987,04/30/24 10:20:00 AM,18.140,,,
988,04/30/24 10:30:00 AM,18.236,,,
989,04/30/24 10:40:00 AM,18.236,,,
990,04/30/24 10:50:00 AM,18.236,,,
991,04/30/24 11:00:00 AM,18.236,,,
992,04/30/24 11:10:00 AM,18.236,,,
993,04/30/24 11:20:00 AM,18.331,,,
994,04/30/24 11:30:00 AM,18.426,,,
995,04/30/24 11:40:00 AM,18.331,,,
996,04/30/24 11:50:00 AM,18.426,,,
997,04/30/24 12:00:00 PM,18.331,,,
998,04/30/24 12:10:00 PM,18.331,,,
999,04/30/24 12:20:00 PM,18.331,,,
1000,04/30/24 12:30:00 PM,18.426,,,
1001,04/30/24 12:40:00 PM,18.426,,,
1002,04/30/24 12:50:00 PM,18.426,,,
1003,04/30/24 01:00:00 PM,18.426,,,
1004,04/30/24 01:10:00 PM,18.426,,,
1005,04/30/24 01:20:00 PM,18.426,,,
1006,04/30/24 01:30:00 PM,18.521,,,
1007,04/30/24 01:40:00 PM,18.521,,,
1008,04/30/24 01:50:00 PM,18.521,,,
1009,04/30/24 02:00:00 PM,18.521,,,
1010,04/30/24 02:10:00 PM,18.521,,,
1011,04/30/24 02:20:00 PM,18.521,,,
1012,04/30/24 02:30:00 PM,18.521,,,
1013,04/30/24 02:40:00 PM,18.521,,,
1014,04/30/24 02:50:00 PM,18.521,,,
1015,04/30/24 03:00:00 PM,18.616,,,
1016,04/30/24 03:10:00 PM,18.521,,,
1017,04/30/24 03:20:00 PM,18.521,,,
1018,04/30/24 03:30:00 PM,18.616,,,
1019,04/30/24 03:40:00 PM,18.616,,,
1020,04/30/24 03:50:00 PM,18.616,,,
1021,04/30/24 04:00:00 PM,18.616,,,
1022,04/30/24 04:10:00 PM,18.616,,,
1023,04/30/24 04:20:00 PM,18.616,,,
1024,04/30/24 04:30:00 PM,18.616,,,
1025,04/30/24 04:40:00 PM,18.616,,,
1026,04/30/24 04:50:00 PM,18.521,,,
1027,04/30/24 05:00:00 PM,18.521,,,
1028,04/30/24 05:10:00 PM,18.521,,,
1029,04/30/24 05:20:00 PM,18.521,,,
1030,04/30/24 05:30:00 PM,18.521,,,
1031,04/30/24 05:40:00 PM,18.616,,,
1032,04/30/24 05:50:00 PM,18.616,,,
1033,04/30/24 06:00:00 PM,18.616,,,
1034,04/30/24 06:10:00 PM,18.616,,,
1035,04/30/24 06:20:00 PM,18.616,,,
1036,04/30/24 06:30:00 PM,18.711,,,
1037,04/30/24 06:40:00 PM,18.711,,,
1038,04/30/24 06:50:00 PM,18.806,,,
1039,04/30/24 07:00:00 PM,18.806,,,
1040,04/30/24 07:10:00 PM,18.806,,,
1041,04/30/24 07:20:00 PM,18.996,,,
1042,04/30/24 07:30:00 PM,18.996,,,
1043,04/30/24 07:40:00 PM,19.092,,,
1044,04/30/24 07:50:00 PM,19.092,,,
1045,04/30/24 08:00:00 PM,19.092,,,
1046,04/30/24 08:10:00 PM,19.092,,,
1047,04/30/24 08:20:00 PM,19.092,,,
1048,04/30/24 08:30:00 PM,18.996,,,
1049,04/30/24 08:40:00 PM,19.187,,,
1050,04/30/24 08:50:00 PM,18.996,,,
1051,04/30/24 09:00:00 PM,18.996,,,
1052,04/30/24 09:10:00 PM,18.996,,,
1053,04/30/24 09:20:00 PM,19.092,,,
1054,04/30/24 09:30:00 PM,18.996,,,
1055,04/30/24 09:40:00 PM,19.092,,,
1056,04/30/24 09:50:00 PM,19.092,,,
1057,04/30/24 10:00:00 PM,19.187,,,
1058,04/30/24 10:10:00 PM,19.187,,,
1059,04/30/24 10:20:00 PM,19.187,,,
1060,04/30/24 10:30:00 PM,19.092,,,
1061,04/30/24 10:40:00 PM,19.092,,,
1062,04/30/24 10:50:00 PM,18.996,,,
1063,04/30/24 11:00:00 PM,18.996,,,
1064,04/30/24 11:10:00 PM,18.996,,,
1065,04/30/24 11:20:00 PM,18.901,,,
1066,04/30/24 11:30:00 PM,18.901,,,
1067,04/30/24 11:40:00 PM,18.806,,,
1068,04/30/24 11:50:00 PM,18.996,,,
1069,05/01/24 12:00:00 AM,18.996,,,
1070,05/01/24 12:10:00 AM,19.092,,,
1071,05/01/24 12:20:00 AM,18.996,,,
1072,05/01/24 12:30:00 AM,19.092,,,
1073,05/01/24 12:40:00 AM,19.092,,,
1074,05/01/24 12:50:00 AM,19.092,,,
1075,05/01/24 01:00:00 AM,19.092,,,
1076,05/01/24 01:10:00 AM,19.187,,,
1077,05/01/24 01:20:00 AM,19.187,,,
1078,05/01/24 01:30:00 AM,19.092,,,
1079,05/01/24 01:40:00 AM,19.092,,,
1080,05/01/24 01:50:00 AM,19.092,,,
1081,05/01/24 02:00:00 AM,19.092,,,
1082,05/01/24 02:10:00 AM,18.996,,,
1083,05/01/24 02:20:00 AM,18.996,,,
1084,05/01/24 02:30:00 AM,18.996,,,
1085,05/01/24 02:40:00 AM,18.996,,,
1086,05/01/24 02:50:00 AM,18.901,,,
1087,05/01/24 03:00:00 AM,18.901,,,
1088,05/01/24 03:10:00 AM,18.901,,,
1089,05/01/24 03:20:00 AM,18.806,,,
1090,05/01/24 03:30:00 AM,18.806,,,
1091,05/01/24 03:40:00 AM,18.806,,,
1092,05/01/24 03:50:00 AM,18.806,,,
1093,05/01/24 04:00:00 AM,18.806,,,
1094,05/01/24 04:10:00 AM,18.806,,,
1095,05/01/24 04:20:00 AM,18.806,,,
1096,05/01/24 04:30:00 AM,18.806,,,
1097,05/01/24 04:40:00 AM,18.806,,,
1098,05/01/24 04:50:00 AM,18.711,,,
1099,05/01/24 05:00:00 AM,18.806,,,
1100,05/01/24 05:10:00 AM,18.806,,,
1101,05/01/24 05:20:00 AM,18.806,,,
1102,05/01/24 05:30:00 AM,18.806,,,
1103,05/01/24 05:40:00 AM,18.806,,,
1104,05/01/24 05:50:00 AM,18.806,,,
1105,05/01/24 06:00:00 AM,18.806,,,
1106,05/01/24 06:10:00 AM,18.806,,,
1107,05/01/24 06:20:00 AM,18.806,,,
1108,05/01/24 06:30:00 AM,18.806,,,
1109,05/01/24 06:40:00 AM,18.806,,,
1110,05/01/24 06:50:00 AM,18.806,,,
1111,05/01/24 07:00:00 AM,18.806,,,
1112,05/01/24 07:10:00 AM,18.806,,,
1113,05/01/24 07:20:00 AM,18.806,,,
1114,05/01/24 07:30:00 AM,18.806,,,
1115,05/01/24 07:40:00 AM,18.806,,,
1116,05/01/24 07:50:00 AM,18.806,,,
1117,05/01/24 08:00:00 AM,18.806,,,
1118,05/01/24 08:10:00 AM,18.806,,,
1119,05/01/24 08:20:00 AM,18.901,,,
1120,05/01/24 08:30:00 AM,18.901,,,
1121,05/01/24 08:40:00 AM,18.901,,,
1122,05/01/24 08:50:00 AM,18.901,,,
1123,05/01/24 09:00:00 AM,18.901,,,
1124,05/01/24 09:10:00 AM,18.901,,,
1125,05/01/24 09:20:00 AM,18.901,,,
1126,05/01/24 09:30:00 AM,18.901,,,
1127,05/01/24 09:40:00 AM,18.996,,,
1128,05/01/24 09:50:00 AM,18.996,,,
1129,05/01/24 10:00:00 AM,18.996,,,
1130,05/01/24 10:10:00 AM,18.996,,,
1131,05/01/24 10:20:00 AM,19.092,,,
1132,05/01/24 10:30:00 AM,19.092,,,
1133,05/01/24 10:40:00 AM,18.996,,,
1134,05/01/24 10:50:00 AM,19.092,,,
1135,05/01/24 11:00:00 AM,19.092,,,
1136,05/01/24 11:10:00 AM,19.187,,,
1137,05/01/24 11:20:00 AM,19.092,,,
1138,05/01/24 11:30:00 AM,19.282,,,
1139,05/01/24 11:40:00 AM,19.187,,,
1140,05/01/24 11:50:00 AM,19.282,,,
1141,05/01/24 12:00:00 PM,19.187,,,
1142,05/01/24 12:10:00 PM,19.187,,,
1143,05/01/24 12:20:00 PM,19.377,,,
1144,05/01/24 12:30:00 PM,19.567,,,
1145,05/01/24 12:40:00 PM,19.567,,,
1146,05/01/24 12:50:00 PM,19.662,,,
1147,05/01/24 01:00:00 PM,19.853,,,
1148,05/01/24 01:10:00 PM,20.043,,,
1149,05/01/24 01:20:00 PM,20.519,,,
1150,05/01/24 01:30:00 PM,20.615,,,
1151,05/01/24 01:40:00 PM,20.329,,,
1152,05/01/24 01:50:00 PM,20.329,,,
1153,05/01/24 02:00:00 PM,20.424,,,
1154,05/01/24 02:10:00 PM,20.615,,,
1155,05/01/24 02:20:00 PM,20.710,,,
1156,05/01/24 02:30:00 PM,20.805,,,
1157,05/01/24 02:40:00 PM,20.901,,,
1158,05/01/24 02:50:00 PM,20.996,,,
1159,05/01/24 03:00:00 PM,20.996,,,
1160,05/01/24 03:10:00 PM,21.091,,,
1161,05/01/24 03:20:00 PM,21.091,,,
1162,05/01/24 03:30:00 PM,20.996,,,
1163,05/01/24 03:40:00 PM,21.282,,,
1164,05/01/24 03:50:00 PM,21.378,,,
1165,05/01/24 04:00:00 PM,21.473,,,
1166,05/01/24 04:10:00 PM,21.664,,,
1167,05/01/24 04:20:00 PM,21.664,,,
1168,05/01/24 04:30:00 PM,21.760,,,
1169,05/01/24 04:40:00 PM,21.951,,,
1170,05/01/24 04:50:00 PM,21.855,,,
1171,05/01/24 05:00:00 PM,21.951,,,
1172,05/01/24 05:10:00 PM,22.142,,,
1173,05/01/24 05:20:00 PM,22.238,,,
1174,05/01/24 05:30:00 PM,22.238,,,
1175,05/01/24 05:40:00 PM,22.238,,,
1176,05/01/24 05:50:00 PM,22.142,,,
1177,05/01/24 06:00:00 PM,22.142,,,
1178,05/01/24 06:10:00 PM,22.238,,,
1179,05/01/24 06:20:00 PM,21.760,,,
1180,05/01/24 06:30:00 PM,21.282,,,
1181,05/01/24 06:40:00 PM,21.378,,,
1182,05/01/24 06:50:00 PM,21.473,,,
1183,05/01/24 07:00:00 PM,21.473,,,
1184,05/01/24 07:10:00 PM,21.187,,,
1185,05/01/24 07:20:00 PM,20.996,,,
1186,05/01/24 07:30:00 PM,21.091,,,
1187,05/01/24 07:40:00 PM,21.282,,,
1188,05/01/24 07:50:00 PM,21.378,,,
1189,05/01/24 08:00:00 PM,21.664,,,
1190,05/01/24 08:10:00 PM,21.855,,,
1191,05/01/24 08:20:00 PM,21.473,,,
1192,05/01/24 08:30:00 PM,21.664,,,
1193,05/01/24 08:40:00 PM,21.569,,,
1194,05/01/24 08:50:00 PM,21.569,,,
1195,05/01/24 09:00:00 PM,21.378,,,
1196,05/01/24 09:10:00 PM,21.187,,,
1197,05/01/24 09:20:00 PM,21.091,,,
1198,05/01/24 09:30:00 PM,20.901,,,
1199,05/01/24 09:40:00 PM,20.615,,,
1200,05/01/24 09:50:00 PM,20.424,,,
1201,05/01/24 10:00:00 PM,20.234,,,
1202,05/01/24 10:10:00 PM,20.138,,,
1203,05/01/24 10:20:00 PM,20.138,,,
1204,05/01/24 10:30:00 PM,20.043,,,
1205,05/01/24 10:40:00 PM,19.948,,,
1206,05/01/24 10:50:00 PM,19.853,,,
1207,05/01/24 11:00:00 PM,19.853,,,
1208,05/01/24 11:10:00 PM,19.853,,,
1209,05/01/24 11:20:00 PM,19.853,,,
1210,05/01/24 11:30:00 PM,19.853,,,
1211,05/01/24 11:40:00 PM,19.567,,,
1212,05/01/24 11:50:00 PM,19.472,,,
1213,05/02/24 12:00:00 AM,19.377,,,
1214,05/02/24 12:10:00 AM,19.187,,,
1215,05/02/24 12:20:00 AM,19.187,,,
1216,05/02/24 12:30:00 AM,19.187,,,
1217,05/02/24 12:40:00 AM,19.187,,,
1218,05/02/24 12:50:00 AM,19.092,,,
1219,05/02/24 01:00:00 AM,19.092,,,
1220,05/02/24 01:10:00 AM,18.996,,,
1221,05/02/24 01:20:00 AM,18.996,,,
1222,05/02/24 01:30:00 AM,18.996,,,
1223,05/02/24 01:40:00 AM,18.901,,,
1224,05/02/24 01:50:00 AM,18.996,,,
1225,05/02/24 02:00:00 AM,18.901,,,
1226,05/02/24 02:10:00 AM,18.996,,,
1227,05/02/24 02:20:00 AM,18.996,,,
1228,05/02/24 02:30:00 AM,18.996,,,
1229,05/02/24 02:40:00 AM,19.092,,,
1230,05/02/24 02:50:00 AM,19.092,,,
1231,05/02/24 03:00:00 AM,19.092,,,
1232,05/02/24 03:10:00 AM,19.092,,,
1233,05/02/24 03:20:00 AM,19.092,,,
1234,05/02/24 03:30:00 AM,19.187,,,
1235,05/02/24 03:40:00 AM,19.187,,,
1236,05/02/24 03:50:00 AM,19.187,,,
1237,05/02/24 04:00:00 AM,19.282,,,
1238,05/02/24 04:10:00 AM,19.282,,,
1239,05/02/24 04:20:00 AM,19.282,,,
1240,05/02/24 04:30:00 AM,19.377,,,
1241,05/02/24 04:40:00 AM,19.377,,,
1242,05/02/24 04:50:00 AM,19.377,,,
1243,05/02/24 05:00:00 AM,19.377,,,
1244,05/02/24 05:10:00 AM,19.377,,,
1245,05/02/24 05:20:00 AM,19.377,,,
1246,05/02/24 05:30:00 AM,19.377,,,
1247,05/02/24 05:40:00 AM,19.377,,,
1248,05/02/24 05:50:00 AM,19.377,,,
1249,05/02/24 06:00:00 AM,19.282,,,
1250,05/02/24 06:10:00 AM,19.282,,,
1251,05/02/24 06:20:00 AM,19.282,,,
1252,05/02/24 06:30:00 AM,19.282,,,
1253,05/02/24 06:40:00 AM,19.282,,,
1254,05/02/24 06:50:00 AM,19.282,,,
1255,05/02/24 07:00:00 AM,19.282,,,
1256,05/02/24 07:10:00 AM,19.282,,,
1257,05/02/24 07:20:00 AM,19.377,,,
1258,05/02/24 07:30:00 AM,19.377,,,
1259,05/02/24 07:40:00 AM,19.377,,,
1260,05/02/24 07:50:00 AM,19.377,,,
1261,05/02/24 08:00:00 AM,19.472,,,
1262,05/02/24 08:10:00 AM,19.472,,,
1263,05/02/24 08:20:00 AM,19.472,,,
1264,05/02/24 08:30:00 AM,19.472,,,
1265,05/02/24 08:40:00 AM,19.567,,,
1266,05/02/24 08:50:00 AM,19.567,,,
1267,05/02/24 09:00:00 AM,19.567,,,
1268,05/02/24 09:10:00 AM,19.472,,,
1269,05/02/24 09:20:00 AM,19.567,,,
1270,05/02/24 09:30:00 AM,19.567,,,
1271,05/02/24 09:40:00 AM,19.567,,,
1272,05/02/24 09:50:00 AM,19.567,,,
1273,05/02/24 10:00:00 AM,19.662,,,
1274,05/02/24 10:10:00 AM,19.662,,,
1275,05/02/24 10:20:00 AM,19.662,,,
1276,05/02/24 10:30:00 AM,19.758,,,
1277,05/02/24 10:40:00 AM,19.758,,,
1278,05/02/24 10:50:00 AM,19.853,,,
1279,05/02/24 11:00:00 AM,19.948,,,
1280,05/02/24 11:10:00 AM,19.948,,,
1281,05/02/24 11:20:00 AM,20.043,,,
1282,05/02/24 11:30:00 AM,20.043,,,
1283,05/02/24 11:40:00 AM,20.138,,,
1284,05/02/24 11:50:00 AM,20.138,,,
1285,05/02/24 12:00:00 PM,20.234,,,
1286,05/02/24 12:10:00 PM,20.329,,,
1287,05/02/24 12:20:00 PM,20.329,,,
1288,05/02/24 12:30:00 PM,20.519,,,
1289,05/02/24 12:40:00 PM,20.615,,,
1290,05/02/24 12:50:00 PM,20.615,,,
1291,05/02/24 01:00:00 PM,20.710,,,
1292,05/02/24 01:10:00 PM,20.710,,,
1293,05/02/24 01:20:00 PM,20.805,,,
1294,05/02/24 01:30:00 PM,20.901,,,
1295,05/02/24 01:40:00 PM,20.901,,,
1296,05/02/24 01:50:00 PM,20.901,,,
1297,05/02/24 02:00:00 PM,21.091,,,
1298,05/02/24 02:10:00 PM,20.901,,,
1299,05/02/24 02:20:00 PM,20.901,,,
1300,05/02/24 02:30:00 PM,20.901,,,
1301,05/02/24 02:40:00 PM,20.805,,,
1302,05/02/24 02:50:00 PM,20.710,,,
1303,05/02/24 03:00:00 PM,20.805,,,
1304,05/02/24 03:10:00 PM,20.710,,,
1305,05/02/24 03:20:00 PM,20.615,,,
1306,05/02/24 03:30:00 PM,20.519,,,
1307,05/02/24 03:40:00 PM,20.615,,,
1308,05/02/24 03:50:00 PM,20.615,,,
1309,05/02/24 04:00:00 PM,20.710,,,
1310,05/02/24 04:10:00 PM,20.710,,,
1311,05/02/24 04:20:00 PM,20.710,,,
1312,05/02/24 04:30:00 PM,20.615,,,
1313,05/02/24 04:40:00 PM,20.710,,,
1314,05/02/24 04:50:00 PM,20.710,,,
1315,05/02/24 05:00:00 PM,20.710,,,
1316,05/02/24 05:10:00 PM,20.710,,,
1317,05/02/24 05:20:00 PM,20.710,,,
1318,05/02/24 05:30:00 PM,20.805,,,
1319,05/02/24 05:40:00 PM,20.805,,,
1320,05/02/24 05:50:00 PM,20.901,,,
1321,05/02/24 06:00:00 PM,20.996,,,
1322,05/02/24 06:10:00 PM,21.187,,,
1323,05/02/24 06:20:00 PM,21.282,,,
1324,05/02/24 06:30:00 PM,21.473,,,
1325,05/02/24 06:40:00 PM,21.760,,,
1326,05/02/24 06:50:00 PM,21.664,,,
1327,05/02/24 07:00:00 PM,21.282,,,
1328,05/02/24 07:10:00 PM,21.569,,,
1329,05/02/24 07:20:00 PM,21.473,,,
1330,05/02/24 07:30:00 PM,21.378,,,
1331,05/02/24 07:40:00 PM,20.996,,,
1332,05/02/24 07:50:00 PM,20.519,,,
1333,05/02/24 08:00:00 PM,20.424,,,
1334,05/02/24 08:10:00 PM,20.329,,,
1335,05/02/24 08:20:00 PM,20.329,,,
1336,05/02/24 08:30:00 PM,20.424,,,
1337,05/02/24 08:40:00 PM,20.329,,,
1338,05/02/24 08:50:00 PM,19.948,,,
1339,05/02/24 09:00:00 PM,19.377,,,
1340,05/02/24 09:10:00 PM,19.472,,,
1341,05/02/24 09:20:00 PM,19.187,,,
1342,05/02/24 09:30:00 PM,19.377,,,
1343,05/02/24 09:40:00 PM,19.472,,,
1344,05/02/24 09:50:00 PM,19.662,,,
1345,05/02/24 10:00:00 PM,19.853,,,
1346,05/02/24 10:10:00 PM,19.853,,,
1347,05/02/24 10:20:00 PM,19.853,,,
1348,05/02/24 10:30:00 PM,19.853,,,
1349,05/02/24 10:40:00 PM,19.948,,,
1350,05/02/24 10:50:00 PM,19.948,,,
1351,05/02/24 11:00:00 PM,19.948,,,
1352,05/02/24 11:10:00 PM,19.948,,,
1353,05/02/24 11:20:00 PM,19.948,,,
1354,05/02/24 11:30:00 PM,19.948,,,
1355,05/02/24 11:40:00 PM,19.948,,,
1356,05/02/24 11:50:00 PM,19.948,,,
1357,05/03/24 12:00:00 AM,19.948,,,
1358,05/03/24 12:10:00 AM,19.948,,,
1359,05/03/24 12:20:00 AM,20.043,,,
1360,05/03/24 12:30:00 AM,19.948,,,
1361,05/03/24 12:40:00 AM,20.043,,,
1362,05/03/24 12:50:00 AM,20.043,,,
1363,05/03/24 01:00:00 AM,20.043,,,
1364,05/03/24 01:10:00 AM,20.043,,,
1365,05/03/24 01:20:00 AM,19.948,,,
1366,05/03/24 01:30:00 AM,19.853,,,
1367,05/03/24 01:40:00 AM,19.853,,,
1368,05/03/24 01:50:00 AM,19.853,,,
1369,05/03/24 02:00:00 AM,19.853,,,
1370,05/03/24 02:10:00 AM,19.853,,,
1371,05/03/24 02:20:00 AM,19.853,,,
1372,05/03/24 02:30:00 AM,19.948,,,
1373,05/03/24 02:40:00 AM,19.948,,,
1374,05/03/24 02:50:00 AM,19.948,,,
1375,05/03/24 03:00:00 AM,19.853,,,
1376,05/03/24 03:10:00 AM,19.853,,,
1377,05/03/24 03:20:00 AM,19.948,,,
1378,05/03/24 03:30:00 AM,19.948,,,
1379,05/03/24 03:40:00 AM,19.948,,,
1380,05/03/24 03:50:00 AM,19.948,,,
1381,05/03/24 04:00:00 AM,19.948,,,
1382,05/03/24 04:10:00 AM,20.043,,,
1383,05/03/24 04:20:00 AM,20.043,,,
1384,05/03/24 04:30:00 AM,19.948,,,
1385,05/03/24 04:40:00 AM,20.043,,,
1386,05/03/24 04:50:00 AM,20.043,,,
1387,05/03/24 05:00:00 AM,20.043,,,
1388,05/03/24 05:10:00 AM,20.043,,,
1389,05/03/24 05:20:00 AM,20.043,,,
1390,05/03/24 05:30:00 AM,19.948,,,
1391,05/03/24 05:40:00 AM,19.948,,,
1392,05/03/24 05:50:00 AM,19.948,,,
1393,05/03/24 06:00:00 AM,19.948,,,
1394,05/03/24 06:10:00 AM,19.948,,,
1395,05/03/24 06:20:00 AM,19.948,,,
1396,05/03/24 06:30:00 AM,19.948,,,
1397,05/03/24 06:40:00 AM,19.948,,,
1398,05/03/24 06:50:00 AM,19.948,,,
1399,05/03/24 07:00:00 AM,19.948,,,
1400,05/03/24 07:10:00 AM,19.853,,,
1401,05/03/24 07:20:00 AM,19.853,,,
1402,05/03/24 07:30:00 AM,19.853,,,
1403,05/03/24 07:40:00 AM,19.853,,,
1404,05/03/24 07:50:00 AM,19.948,,,
1405,05/03/24 08:00:00 AM,19.948,,,
1406,05/03/24 08:10:00 AM,19.948,,,
1407,05/03/24 08:20:00 AM,19.948,,,
1408,05/03/24 08:30:00 AM,20.043,,,
1409,05/03/24 08:40:00 AM,19.948,,,
1410,05/03/24 08:50:00 AM,19.948,,,
1411,05/03/24 09:00:00 AM,19.948,,,
1412,05/03/24 09:10:00 AM,19.948,,,
1413,05/03/24 09:20:00 AM,20.043,,,
1414,05/03/24 09:30:00 AM,20.043,,,
1415,05/03/24 09:40:00 AM,20.043,,,
1416,05/03/24 09:50:00 AM,20.234,,,
1417,05/03/24 10:00:00 AM,20.234,,,
1418,05/03/24 10:10:00 AM,20.234,,,
1419,05/03/24 10:20:00 AM,20.329,,,
1420,05/03/24 10:30:00 AM,20.329,,,
1421,05/03/24 10:40:00 AM,20.329,,,
1422,05/03/24 10:50:00 AM,20.329,,,
1423,05/03/24 11:00:00 AM,20.424,,,
1424,05/03/24 11:10:00 AM,20.519,,,
1425,05/03/24 11:20:00 AM,20.519,,,
1426,05/03/24 11:30:00 AM,20.615,,,
1427,05/03/24 11:40:00 AM,20.615,,,
1428,05/03/24 11:50:00 AM,20.615,,,
1429,05/03/24 12:00:00 PM,20.615,,,
1430,05/03/24 12:10:00 PM,20.615,,,
1431,05/03/24 12:20:00 PM,20.710,,,
1432,05/03/24 12:30:00 PM,20.805,,,
1433,05/03/24 12:40:00 PM,20.805,,,
1434,05/03/24 12:50:00 PM,20.901,,,
1435,05/03/24 01:00:00 PM,20.996,,,
1436,05/03/24 01:10:00 PM,20.996,,,
1437,05/03/24 01:20:00 PM,20.996,,,
1438,05/03/24 01:30:00 PM,21.091,,,
1439,05/03/24 01:40:00 PM,21.091,,,
1440,05/03/24 01:50:00 PM,20.996,,,
1441,05/03/24 02:00:00 PM,21.091,,,
1442,05/03/24 02:10:00 PM,21.187,,,
1443,05/03/24 02:20:00 PM,21.091,,,
1444,05/03/24 02:30:00 PM,21.091,,,
1445,05/03/24 02:40:00 PM,21.091,,,
1446,05/03/24 02:50:00 PM,21.187,,,
1447,05/03/24 03:00:00 PM,21.282,,,
1448,05/03/24 03:10:00 PM,21.378,,,
1449,05/03/24 03:20:00 PM,21.378,,,
1450,05/03/24 03:30:00 PM,21.473,,,
1451,05/03/24 03:40:00 PM,21.664,,,
1452,05/03/24 03:50:00 PM,21.760,,,
1453,05/03/24 04:00:00 PM,21.664,,,
1454,05/03/24 04:10:00 PM,21.664,,,
1455,05/03/24 04:20:00 PM,21.664,,,
1456,05/03/24 04:30:00 PM,21.378,,,
1457,05/03/24 04:40:00 PM,21.569,,,
1458,05/03/24 04:50:00 PM,21.569,,,
1459,05/03/24 05:00:00 PM,21.569,,,
1460,05/03/24 05:10:00 PM,21.664,,,
1461,05/03/24 05:20:00 PM,21.664,,,
1462,05/03/24 05:30:00 PM,21.855,,,
1463,05/03/24 05:40:00 PM,21.664,,,
1464,05/03/24 05:50:00 PM,21.664,,,
1465,05/03/24 06:00:00 PM,21.760,,,
1466,05/03/24 06:10:00 PM,21.760,,,
1467,05/03/24 06:20:00 PM,21.664,,,
1468,05/03/24 06:30:00 PM,21.664,,,
1469,05/03/24 06:40:00 PM,21.664,,,
1470,05/03/24 06:50:00 PM,21.664,,,
1471,05/03/24 07:00:00 PM,21.569,,,
1472,05/03/24 07:10:00 PM,21.473,,,
1473,05/03/24 07:20:00 PM,20.901,,,
1474,05/03/24 07:30:00 PM,20.710,,,
1475,05/03/24 07:40:00 PM,20.519,,,
1476,05/03/24 07:50:00 PM,20.138,,,
1477,05/03/24 08:00:00 PM,19.948,,,
1478,05/03/24 08:10:00 PM,20.424,,,
1479,05/03/24 08:20:00 PM,20.519,,,
1480,05/03/24 08:30:00 PM,20.710,,,
1481,05/03/24 08:40:00 PM,20.710,,,
1482,05/03/24 08:50:00 PM,20.519,,,
1483,05/03/24 09:00:00 PM,20.519,,,
1484,05/03/24 09:10:00 PM,20.519,,,
1485,05/03/24 09:20:00 PM,20.519,,,
1486,05/03/24 09:30:00 PM,20.519,,,
1487,05/03/24 09:40:00 PM,20.710,,,
1488,05/03/24 09:50:00 PM,20.615,,,
1489,05/03/24 10:00:00 PM,20.710,,,
1490,05/03/24 10:10:00 PM,20.901,,,
1491,05/03/24 10:20:00 PM,20.996,,,
1492,05/03/24 10:30:00 PM,21.091,,,
1493,05/03/24 10:40:00 PM,21.091,,,
1494,05/03/24 10:50:00 PM,21.091,,,
1495,05/03/24 11:00:00 PM,21.091,,,
1496,05/03/24 11:10:00 PM,20.901,,,
1497,05/03/24 11:20:00 PM,20.710,,,
1498,05/03/24 11:30:00 PM,20.329,,,
1499,05/03/24 11:40:00 PM,20.138,,,
1500,05/03/24 11:50:00 PM,20.138,,,
1501,05/04/24 12:00:00 AM,20.234,,,
1502,05/04/24 12:10:00 AM,20.043,,,
1503,05/04/24 12:20:00 AM,19.853,,,
1504,05/04/24 12:30:00 AM,19.853,,,
1505,05/04/24 12:40:00 AM,19.853,,,
1506,05/04/24 12:50:00 AM,20.043,,,
1507,05/04/24 01:00:00 AM,20.138,,,
1508,05/04/24 01:10:00 AM,20.329,,,
1509,05/04/24 01:20:00 AM,20.519,,,
1510,05/04/24 01:30:00 AM,20.615,,,
1511,05/04/24 01:40:00 AM,20.519,,,
1512,05/04/24 01:50:00 AM,20.615,,,
1513,05/04/24 02:00:00 AM,20.424,,,
1514,05/04/24 02:10:00 AM,20.329,,,
1515,05/04/24 02:20:00 AM,20.424,,,
1516,05/04/24 02:30:00 AM,20.519,,,
1517,05/04/24 02:40:00 AM,20.519,,,
1518,05/04/24 02:50:00 AM,20.519,,,
1519,05/04/24 03:00:00 AM,20.519,,,
1520,05/04/24 03:10:00 AM,20.424,,,
1521,05/04/24 03:20:00 AM,20.519,,,
1522,05/04/24 03:30:00 AM,20.519,,,
1523,05/04/24 03:40:00 AM,20.424,,,
1524,05/04/24 03:50:00 AM,20.519,,,
1525,05/04/24 04:00:00 AM,20.519,,,
1526,05/04/24 04:10:00 AM,20.519,,,
1527,05/04/24 04:20:00 AM,20.519,,,
1528,05/04/24 04:30:00 AM,20.615,,,
1529,05/04/24 04:40:00 AM,20.615,,,
1530,05/04/24 04:50:00 AM,20.615,,,
1531,05/04/24 05:00:00 AM,20.710,,,
1532,05/04/24 05:10:00 AM,20.805,,,
1533,05/04/24 05:20:00 AM,20.901,,,
1534,05/04/24 05:30:00 AM,20.901,,,
1535,05/04/24 05:40:00 AM,20.996,,,
1536,05/04/24 05:50:00 AM,21.091,,,
1537,05/04/24 06:00:00 AM,21.091,,,
1538,05/04/24 06:10:00 AM,21.187,,,
1539,05/04/24 06:20:00 AM,21.282,,,
1540,05/04/24 06:30:00 AM,21.282,,,
1541,05/04/24 06:40:00 AM,21.282,,,
1542,05/04/24 06:50:00 AM,21.282,,,
1543,05/04/24 07:00:00 AM,21.282,,,
1544,05/04/24 07:10:00 AM,21.282,,,
1545,05/04/24 07:20:00 AM,21.378,,,
1546,05/04/24 07:30:00 AM,21.378,,,
1547,05/04/24 07:40:00 AM,21.378,,,
1548,05/04/24 07:50:00 AM,21.378,,,
1549,05/04/24 08:00:00 AM,21.282,,,
1550,05/04/24 08:10:00 AM,21.187,,,
1551,05/04/24 08:20:00 AM,20.901,,,
1552,05/04/24 08:30:00 AM,21.091,,,
1553,05/04/24 08:40:00 AM,21.091,,,
1554,05/04/24 08:50:00 AM,20.996,,,
1555,05/04/24 09:00:00 AM,20.996,,,
1556,05/04/24 09:10:00 AM,20.996,,,
1557,05/04/24 09:20:00 AM,20.805,,,
1558,05/04/24 09:30:00 AM,20.901,,,
1559,05/04/24 09:40:00 AM,20.615,,,
1560,05/04/24 09:50:00 AM,20.424,,,
1561,05/04/24 10:00:00 AM,20.329,,,
1562,05/04/24 10:10:00 AM,20.234,,,
1563,05/04/24 10:20:00 AM,20.138,,,
1564,05/04/24 10:30:00 AM,20.138,,,
1565,05/04/24 10:40:00 AM,20.138,,,
1566,05/04/24 10:50:00 AM,20.234,,,
1567,05/04/24 11:00:00 AM,20.234,,,
1568,05/04/24 11:10:00 AM,20.138,,,
1569,05/04/24 11:20:00 AM,19.948,,,
1570,05/04/24 11:30:00 AM,19.758,,,
1571,05/04/24 11:40:00 AM,19.662,,,
1572,05/04/24 11:50:00 AM,19.567,,,
1573,05/04/24 12:00:00 PM,19.472,,,
1574,05/04/24 12:10:00 PM,19.377,,,
1575,05/04/24 12:20:00 PM,19.472,,,
1576,05/04/24 12:30:00 PM,19.567,,,
1577,05/04/24 12:40:00 PM,19.662,,,
1578,05/04/24 12:50:00 PM,19.758,,,
1579,05/04/24 01:00:00 PM,19.662,,,
1580,05/04/24 01:10:00 PM,19.758,,,
1581,05/04/24 01:20:00 PM,19.662,,,
1582,05/04/24 01:30:00 PM,19.567,,,
1583,05/04/24 01:40:00 PM,19.567,,,
1584,05/04/24 01:50:00 PM,19.567,,,
1585,05/04/24 02:00:00 PM,19.662,,,
1586,05/04/24 02:10:00 PM,19.758,,,
1587,05/04/24 02:20:00 PM,19.662,,,
1588,05/04/24 02:30:00 PM,19.567,,,
1589,05/04/24 02:40:00 PM,19.282,,,
1590,05/04/24 02:50:00 PM,19.092,,,
1591,05/04/24 03:00:00 PM,19.092,,,
1592,05/04/24 03:10:00 PM,18.806,,,
1593,05/04/24 03:20:00 PM,18.806,,,
1594,05/04/24 03:30:00 PM,18.806,,,
1595,05/04/24 03:40:00 PM,18.996,,,
1596,05/04/24 03:50:00 PM,19.092,,,
1597,05/04/24 04:00:00 PM,19.282,,,
1598,05/04/24 04:10:00 PM,19.567,,,
1599,05/04/24 04:20:00 PM,19.567,,,
1600,05/04/24 04:30:00 PM,19.567,,,
1601,05/04/24 04:40:00 PM,19.567,,,
1602,05/04/24 04:50:00 PM,19.662,,,
1603,05/04/24 05:00:00 PM,19.758,,,
1604,05/04/24 05:10:00 PM,19.662,,,
1605,05/04/24 05:20:00 PM,19.567,,,
1606,05/04/24 05:30:00 PM,19.472,,,
1607,05/04/24 05:40:00 PM,19.472,,,
1608,05/04/24 05:50:00 PM,19.377,,,
1609,05/04/24 06:00:00 PM,19.472,,,
1610,05/04/24 06:10:00 PM,19.472,,,
1611,05/04/24 06:20:00 PM,19.472,,,
1612,05/04/24 06:30:00 PM,19.567,,,
1613,05/04/24 06:40:00 PM,19.567,,,
1614,05/04/24 06:50:00 PM,19.567,,,
1615,05/04/24 07:00:00 PM,19.662,,,
1616,05/04/24 07:10:00 PM,19.758,,,
1617,05/04/24 07:20:00 PM,19.662,,,
1618,05/04/24 07:30:00 PM,19.662,,,
1619,05/04/24 07:40:00 PM,19.567,,,
1620,05/04/24 07:50:00 PM,19.567,,,
1621,05/04/24 08:00:00 PM,19.567,,,
1622,05/04/24 08:10:00 PM,19.662,,,
1623,05/04/24 08:20:00 PM,19.662,,,
1624,05/04/24 08:30:00 PM,19.758,,,
1625,05/04/24 08:40:00 PM,19.662,,,
1626,05/04/24 08:50:00 PM,19.758,,,
1627,05/04/24 09:00:00 PM,19.853,,,
1628,05/04/24 09:10:00 PM,19.853,,,
1629,05/04/24 09:20:00 PM,19.853,,,
1630,05/04/24 09:30:00 PM,19.948,,,
1631,05/04/24 09:40:00 PM,19.948,,,
1632,05/04/24 09:50:00 PM,19.948,,,
1633,05/04/24 10:00:00 PM,19.853,,,
1634,05/04/24 10:10:00 PM,19.948,,,
1635,05/04/24 10:20:00 PM,19.853,,,
1636,05/04/24 10:30:00 PM,19.853,,,
1637,05/04/24 10:40:00 PM,19.853,,,
1638,05/04/24 10:50:00 PM,19.853,,,
1639,05/04/24 11:00:00 PM,19.853,,,
1640,05/04/24 11:10:00 PM,19.853,,,
1641,05/04/24 11:20:00 PM,19.853,,,
1642,05/04/24 11:30:00 PM,19.853,,,
1643,05/04/24 11:40:00 PM,19.853,,,
1644,05/04/24 11:50:00 PM,19.853,,,
1645,05/05/24 12:00:00 AM,19.853,,,
1646,05/05/24 12:10:00 AM,19.853,,,
1647,05/05/24 12:20:00 AM,19.853,,,
1648,05/05/24 12:30:00 AM,19.853,,,
1649,05/05/24 12:40:00 AM,19.758,,,
1650,05/05/24 12:50:00 AM,19.853,,,
1651,05/05/24 01:00:00 AM,19.758,,,
1652,05/05/24 01:10:00 AM,19.758,,,
1653,05/05/24 01:20:00 AM,19.853,,,
1654,05/05/24 01:30:00 AM,19.853,,,
1655,05/05/24 01:40:00 AM,19.758,,,
1656,05/05/24 01:50:00 AM,19.758,,,
1657,05/05/24 02:00:00 AM,19.758,,,
1658,05/05/24 02:10:00 AM,19.758,,,
1659,05/05/24 02:20:00 AM,19.758,,,
1660,05/05/24 02:30:00 AM,19.758,,,
1661,05/05/24 02:40:00 AM,19.758,,,
1662,05/05/24 02:50:00 AM,19.758,,,
1663,05/05/24 03:00:00 AM,19.758,,,
1664,05/05/24 03:10:00 AM,19.758,,,
1665,05/05/24 03:20:00 AM,19.758,,,
1666,05/05/24 03:30:00 AM,19.662,,,
1667,05/05/24 03:40:00 AM,19.758,,,
1668,05/05/24 03:50:00 AM,19.758,,,
1669,05/05/24 04:00:00 AM,19.662,,,
1670,05/05/24 04:10:00 AM,19.662,,,
1671,05/05/24 04:20:00 AM,19.567,,,
1672,05/05/24 04:30:00 AM,19.567,,,
1673,05/05/24 04:40:00 AM,19.567,,,
1674,05/05/24 04:50:00 AM,19.567,,,
1675,05/05/24 05:00:00 AM,19.567,,,
1676,05/05/24 05:10:00 AM,19.567,,,
1677,05/05/24 05:20:00 AM,19.567,,,
1678,05/05/24 05:30:00 AM,19.567,,,
1679,05/05/24 05:40:00 AM,19.567,,,
1680,05/05/24 05:50:00 AM,19.567,,,
1681,05/05/24 06:00:00 AM,19.472,,,
1682,05/05/24 06:10:00 AM,19.567,,,
1683,05/05/24 06:20:00 AM,19.567,,,
1684,05/05/24 06:30:00 AM,19.567,,,
1685,05/05/24 06:40:00 AM,19.567,,,
1686,05/05/24 06:50:00 AM,19.567,,,
1687,05/05/24 07:00:00 AM,19.567,,,
1688,05/05/24 07:10:00 AM,19.567,,,
1689,05/05/24 07:20:00 AM,19.567,,,
1690,05/05/24 07:30:00 AM,19.567,,,
1691,05/05/24 07:40:00 AM,19.567,,,
1692,05/05/24 07:50:00 AM,19.567,,,
1693,05/05/24 08:00:00 AM,19.567,,,
1694,05/05/24 08:10:00 AM,19.567,,,
1695,05/05/24 08:20:00 AM,19.567,,,
1696,05/05/24 08:30:00 AM,19.567,,,
1697,05/05/24 08:40:00 AM,19.567,,,
1698,05/05/24 08:50:00 AM,19.567,,,
1699,05/05/24 09:00:00 AM,19.567,,,
1700,05/05/24 09:10:00 AM,19.567,,,
1701,05/05/24 09:20:00 AM,19.567,,,
1702,05/05/24 09:30:00 AM,19.662,,,
1703,05/05/24 09:40:00 AM,19.567,,,
1704,05/05/24 09:50:00 AM,19.567,,,
1705,05/05/24 10:00:00 AM,19.567,,,
1706,05/05/24 10:10:00 AM,19.662,,,
1707,05/05/24 10:20:00 AM,19.662,,,
1708,05/05/24 10:30:00 AM,19.662,,,
1709,05/05/24 10:40:00 AM,19.662,,,
1710,05/05/24 10:50:00 AM,19.758,,,
1711,05/05/24 11:00:00 AM,19.758,,,
1712,05/05/24 11:10:00 AM,19.853,,,
1713,05/05/24 11:20:00 AM,19.853,,,
1714,05/05/24 11:30:00 AM,19.948,,,
1715,05/05/24 11:40:00 AM,19.948,,,
1716,05/05/24 11:50:00 AM,19.948,,,
1717,05/05/24 12:00:00 PM,19.948,,,
1718,05/05/24 12:10:00 PM,19.948,,,
1719,05/05/24 12:20:00 PM,19.948,,,
1720,05/05/24 12:30:00 PM,20.043,,,
1721,05/05/24 12:40:00 PM,20.043,,,
1722,05/05/24 12:50:00 PM,20.138,,,
1723,05/05/24 01:00:00 PM,20.138,,,
1724,05/05/24 01:10:00 PM,20.138,,,
1725,05/05/24 01:20:00 PM,20.138,,,
1726,05/05/24 01:30:00 PM,20.234,,,
1727,05/05/24 01:40:00 PM,20.329,,,
1728,05/05/24 01:50:00 PM,20.329,,,
1729,05/05/24 02:00:00 PM,20.329,,,
1730,05/05/24 02:10:00 PM,20.329,,,
1731,05/05/24 02:20:00 PM,20.424,,,
1732,05/05/24 02:30:00 PM,20.424,,,
1733,05/05/24 02:40:00 PM,20.329,,,
1734,05/05/24 02:50:00 PM,20.329,,,
1735,05/05/24 03:00:00 PM,20.329,,,
1736,05/05/24 03:10:00 PM,20.329,,,
1737,05/05/24 03:20:00 PM,20.329,,,
1738,05/05/24 03:30:00 PM,20.424,,,
1739,05/05/24 03:40:00 PM,20.424,,,
1740,05/05/24 03:50:00 PM,20.519,,,
1741,05/05/24 04:00:00 PM,20.519,,,
1742,05/05/24 04:10:00 PM,20.519,,,
1743,05/05/24 04:20:00 PM,20.519,,,
1744,05/05/24 04:30:00 PM,20.519,,,
1745,05/05/24 04:40:00 PM,20.615,,,
1746,05/05/24 04:50:00 PM,20.615,,,
1747,05/05/24 05:00:00 PM,20.615,,,
1748,05/05/24 05:10:00 PM,20.710,,,
1749,05/05/24 05:20:00 PM,20.615,,,
1750,05/05/24 05:30:00 PM,20.710,,,
1751,05/05/24 05:40:00 PM,20.710,,,
1752,05/05/24 05:50:00 PM,20.805,,,
1753,05/05/24 06:00:00 PM,20.805,,,
1754,05/05/24 06:10:00 PM,20.805,,,
1755,05/05/24 06:20:00 PM,20.901,,,
1756,05/05/24 06:30:00 PM,20.805,,,
1757,05/05/24 06:40:00 PM,20.901,,,
1758,05/05/24 06:50:00 PM,21.091,,,
1759,05/05/24 07:00:00 PM,21.091,,,
1760,05/05/24 07:10:00 PM,21.091,,,
1761,05/05/24 07:20:00 PM,21.091,,,
1762,05/05/24 07:30:00 PM,21.187,,,
1763,05/05/24 07:40:00 PM,21.187,,,
1764,05/05/24 07:50:00 PM,21.187,,,
1765,05/05/24 08:00:00 PM,21.091,,,
1766,05/05/24 08:10:00 PM,21.091,,,
1767,05/05/24 08:20:00 PM,21.091,,,
1768,05/05/24 08:30:00 PM,21.187,,,
1769,05/05/24 08:40:00 PM,21.187,,,
1770,05/05/24 08:50:00 PM,21.091,,,
1771,05/05/24 09:00:00 PM,21.091,,,
1772,05/05/24 09:10:00 PM,21.091,,,
1773,05/05/24 09:20:00 PM,21.091,,,
1774,05/05/24 09:30:00 PM,21.091,,,
1775,05/05/24 09:40:00 PM,21.091,,,
1776,05/05/24 09:50:00 PM,21.091,,,
1777,05/05/24 10:00:00 PM,21.091,,,
1778,05/05/24 10:10:00 PM,21.091,,,
1779,05/05/24 10:20:00 PM,21.091,,,
1780,05/05/24 10:30:00 PM,21.091,,,
1781,05/05/24 10:40:00 PM,21.091,,,
1782,05/05/24 10:50:00 PM,21.091,,,
1783,05/05/24 11:00:00 PM,21.091,,,
1784,05/05/24 11:10:00 PM,21.091,,,
1785,05/05/24 11:20:00 PM,21.091,,,
1786,05/05/24 11:30:00 PM,21.091,,,
1787,05/05/24 11:40:00 PM,21.091,,,
1788,05/05/24 11:50:00 PM,21.091,,,
1789,05/06/24 12:00:00 AM,21.091,,,
1790,05/06/24 12:10:00 AM,21.091,,,
1791,05/06/24 12:20:00 AM,21.091,,,
1792,05/06/24 12:30:00 AM,21.091,,,
1793,05/06/24 12:40:00 AM,21.091,,,
1794,05/06/24 12:50:00 AM,20.996,,,
1795,05/06/24 01:00:00 AM,21.091,,,
1796,05/06/24 01:10:00 AM,21.091,,,
1797,05/06/24 01:20:00 AM,20.996,,,
1798,05/06/24 01:30:00 AM,21.091,,,
1799,05/06/24 01:40:00 AM,21.091,,,
1800,05/06/24 01:50:00 AM,20.996,,,
1801,05/06/24 02:00:00 AM,20.996,,,
1802,05/06/24 02:10:00 AM,20.996,,,
1803,05/06/24 02:20:00 AM,20.996,,,
1804,05/06/24 02:30:00 AM,20.996,,,
1805,05/06/24 02:40:00 AM,20.996,,,
1806,05/06/24 02:50:00 AM,20.996,,,
1807,05/06/24 03:00:00 AM,20.996,,,
1808,05/06/24 03:10:00 AM,20.996,,,
1809,05/06/24 03:20:00 AM,20.901,,,
1810,05/06/24 03:30:00 AM,20.996,,,
1811,05/06/24 03:40:00 AM,20.901,,,
1812,05/06/24 03:50:00 AM,20.901,,,
1813,05/06/24 04:00:00 AM,20.901,,,
1814,05/06/24 04:10:00 AM,20.901,,,
1815,05/06/24 04:20:00 AM,20.901,,,
1816,05/06/24 04:30:00 AM,20.901,,,
1817,05/06/24 04:40:00 AM,20.901,,,
1818,05/06/24 04:50:00 AM,20.901,,,
1819,05/06/24 05:00:00 AM,20.901,,,
1820,05/06/24 05:10:00 AM,20.901,,,
1821,05/06/24 05:20:00 AM,20.805,,,
1822,05/06/24 05:30:00 AM,20.805,,,
1823,05/06/24 05:40:00 AM,20.805,,,
1824,05/06/24 05:50:00 AM,20.805,,,
1825,05/06/24 06:00:00 AM,20.805,,,
1826,05/06/24 06:10:00 AM,20.710,,,
1827,05/06/24 06:20:00 AM,20.710,,,
1828,05/06/24 06:30:00 AM,20.615,,,
1829,05/06/24 06:40:00 AM,20.424,,,
1830,05/06/24 06:50:00 AM,20.424,,,
1831,05/06/24 07:00:00 AM,20.329,,,
1832,05/06/24 07:10:00 AM,20.329,,,
1833,05/06/24 07:20:00 AM,20.424,,,
1834,05/06/24 07:30:00 AM,20.329,,,
1835,05/06/24 07:40:00 AM,20.615,,,
1836,05/06/24 07:50:00 AM,20.710,,,
1837,05/06/24 08:00:00 AM,20.615,,,
1838,05/06/24 08:10:00 AM,20.615,,,
1839,05/06/24 08:20:00 AM,20.519,,,
1840,05/06/24 08:30:00 AM,20.424,,,
1841,05/06/24 08:40:00 AM,20.329,,,
1842,05/06/24 08:50:00 AM,20.424,,,
1843,05/06/24 09:00:00 AM,20.519,,,
1844,05/06/24 09:10:00 AM,20.710,,,
1845,05/06/24 09:20:00 AM,20.710,,,
1846,05/06/24 09:30:00 AM,20.710,,,
1847,05/06/24 09:40:00 AM,20.710,,,
1848,05/06/24 09:50:00 AM,20.615,,,
1849,05/06/24 10:00:00 AM,20.615,,,
1850,05/06/24 10:10:00 AM,20.519,,,
1851,05/06/24 10:20:00 AM,20.519,,,
1852,05/06/24 10:30:00 AM,20.615,,,
1853,05/06/24 10:40:00 AM,20.615,,,
1854,05/06/24 10:50:00 AM,20.615,,,
1855,05/06/24 11:00:00 AM,20.615,,,
1856,05/06/24 11:10:00 AM,20.519,,,
1857,05/06/24 11:20:00 AM,20.424,,,
1858,05/06/24 11:30:00 AM,20.519,,,
1859,05/06/24 11:40:00 AM,20.615,,,
1860,05/06/24 11:50:00 AM,20.615,,,
1861,05/06/24 12:00:00 PM,20.615,,,
1862,05/06/24 12:10:00 PM,20.615,,,
1863,05/06/24 12:20:00 PM,20.615,,,
1864,05/06/24 12:30:00 PM,20.615,,,
1865,05/06/24 12:40:00 PM,20.710,,,
1866,05/06/24 12:50:00 PM,20.710,,,
1867,05/06/24 01:00:00 PM,20.710,,,
1868,05/06/24 01:10:00 PM,20.710,,,
1869,05/06/24 01:20:00 PM,20.710,,,
1870,05/06/24 01:30:00 PM,20.710,,,
1871,05/06/24 01:40:00 PM,20.805,,,
1872,05/06/24 01:50:00 PM,20.710,,,
1873,05/06/24 02:00:00 PM,20.805,,,
1874,05/06/24 02:10:00 PM,20.710,,,
1875,05/06/24 02:20:00 PM,20.710,,,
1876,05/06/24 02:30:00 PM,20.615,,,
1877,05/06/24 02:40:00 PM,20.615,,,
1878,05/06/24 02:50:00 PM,20.710,,,
1879,05/06/24 03:00:00 PM,20.710,,,
1880,05/06/24 03:10:00 PM,20.710,,,
1881,05/06/24 03:20:00 PM,20.710,,,
1882,05/06/24 03:30:00 PM,20.710,,,
1883,05/06/24 03:40:00 PM,20.805,,,
1884,05/06/24 03:50:00 PM,20.901,,,
1885,05/06/24 04:00:00 PM,21.378,,,
1886,05/06/24 04:10:00 PM,21.664,,,
1887,05/06/24 04:20:00 PM,21.951,,,
1888,05/06/24 04:30:00 PM,21.855,,,
1889,05/06/24 04:40:00 PM,21.760,,,
1890,05/06/24 04:50:00 PM,21.855,,,
1891,05/06/24 05:00:00 PM,21.378,,,
1892,05/06/24 05:10:00 PM,20.710,,,
1893,05/06/24 05:20:00 PM,20.710,,,
1894,05/06/24 05:30:00 PM,20.329,,,
1895,05/06/24 05:40:00 PM,20.234,,,
1896,05/06/24 05:50:00 PM,19.853,,,
1897,05/06/24 06:00:00 PM,19.567,,,
1898,05/06/24 06:10:00 PM,19.567,,,
1899,05/06/24 06:20:00 PM,19.187,,,
1900,05/06/24 06:30:00 PM,19.472,,,
1901,05/06/24 06:40:00 PM,19.187,,,
1902,05/06/24 06:50:00 PM,19.187,,,
1903,05/06/24 07:00:00 PM,19.187,,,
1904,05/06/24 07:10:00 PM,18.996,,,
1905,05/06/24 07:20:00 PM,18.996,,,
1906,05/06/24 07:30:00 PM,18.996,,,
1907,05/06/24 07:40:00 PM,19.092,,,
1908,05/06/24 07:50:00 PM,18.806,,,
1909,05/06/24 08:00:00 PM,18.711,,,
1910,05/06/24 08:10:00 PM,18.806,,,
1911,05/06/24 08:20:00 PM,18.711,,,
1912,05/06/24 08:30:00 PM,18.806,,,
1913,05/06/24 08:40:00 PM,18.806,,,
1914,05/06/24 08:50:00 PM,18.140,,,
1915,05/06/24 09:00:00 PM,18.521,,,
1916,05/06/24 09:10:00 PM,18.521,,,
1917,05/06/24 09:20:00 PM,18.616,,,
1918,05/06/24 09:30:00 PM,19.187,,,
1919,05/06/24 09:40:00 PM,18.806,,,
1920,05/06/24 09:50:00 PM,19.092,,,
1921,05/06/24 10:00:00 PM,19.187,,,
1922,05/06/24 10:10:00 PM,19.092,,,
1923,05/06/24 10:20:00 PM,18.996,,,
1924,05/06/24 10:30:00 PM,18.996,,,
1925,05/06/24 10:40:00 PM,19.187,,,
1926,05/06/24 10:50:00 PM,18.996,,,
1927,05/06/24 11:00:00 PM,19.187,,,
1928,05/06/24 11:10:00 PM,18.996,,,
1929,05/06/24 11:20:00 PM,19.282,,,
1930,05/06/24 11:30:00 PM,19.187,,,
1931,05/06/24 11:40:00 PM,19.187,,,
1932,05/06/24 11:50:00 PM,19.187,,,
1933,05/07/24 12:00:00 AM,19.092,,,
1934,05/07/24 12:10:00 AM,18.996,,,
1935,05/07/24 12:20:00 AM,19.187,,,
1936,05/07/24 12:30:00 AM,19.282,,,
1937,05/07/24 12:40:00 AM,19.377,,,
1938,05/07/24 12:50:00 AM,19.282,,,
1939,05/07/24 01:00:00 AM,19.567,,,
1940,05/07/24 01:10:00 AM,19.662,,,
1941,05/07/24 01:20:00 AM,19.282,,,
1942,05/07/24 01:30:00 AM,19.187,,,
1943,05/07/24 01:40:00 AM,19.187,,,
1944,05/07/24 01:50:00 AM,19.377,,,
1945,05/07/24 02:00:00 AM,19.662,,,
1946,05/07/24 02:10:00 AM,19.472,,,
1947,05/07/24 02:20:00 AM,19.662,,,
1948,05/07/24 02:30:00 AM,19.567,,,
1949,05/07/24 02:40:00 AM,19.377,,,
1950,05/07/24 02:50:00 AM,19.853,,,
1951,05/07/24 03:00:00 AM,19.377,,,
1952,05/07/24 03:10:00 AM,19.567,,,
1953,05/07/24 03:20:00 AM,19.758,,,
1954,05/07/24 03:30:00 AM,19.377,,,
1955,05/07/24 03:40:00 AM,19.662,,,
1956,05/07/24 03:50:00 AM,19.377,,,
1957,05/07/24 04:00:00 AM,19.282,,,
1958,05/07/24 04:10:00 AM,19.662,,,
1959,05/07/24 04:20:00 AM,19.567,,,
1960,05/07/24 04:30:00 AM,19.662,,,
1961,05/07/24 04:40:00 AM,19.853,,,
1962,05/07/24 04:50:00 AM,20.043,,,
1963,05/07/24 05:00:00 AM,19.948,,,
1964,05/07/24 05:10:00 AM,20.138,,,
1965,05/07/24 05:20:00 AM,20.234,,,
1966,05/07/24 05:30:00 AM,20.329,,,
1967,05/07/24 05:40:00 AM,20.234,,,
1968,05/07/24 05:50:00 AM,20.329,,,
1969,05/07/24 06:00:00 AM,20.138,,,
1970,05/07/24 06:10:00 AM,20.234,,,
1971,05/07/24 06:20:00 AM,20.329,,,
1972,05/07/24 06:30:00 AM,20.329,,,
1973,05/07/24 06:40:00 AM,20.329,,,
1974,05/07/24 06:50:00 AM,20.329,,,
1975,05/07/24 07:00:00 AM,20.329,,,
1976,05/07/24 07:10:00 AM,20.329,,,
1977,05/07/24 07:20:00 AM,20.329,,,
1978,05/07/24 07:30:00 AM,20.519,,,
1979,05/07/24 07:40:00 AM,20.519,,,
1980,05/07/24 07:50:00 AM,20.615,,,
1981,05/07/24 08:00:00 AM,20.710,,,
1982,05/07/24 08:10:00 AM,20.615,,,
1983,05/07/24 08:20:00 AM,20.615,,,
1984,05/07/24 08:30:00 AM,20.710,,,
1985,05/07/24 08:40:00 AM,20.710,,,
1986,05/07/24 08:50:00 AM,20.710,,,
1987,05/07/24 09:00:00 AM,20.615,,,
1988,05/07/24 09:10:00 AM,20.710,,,
1989,05/07/24 09:20:00 AM,20.710,,,
1990,05/07/24 09:30:00 AM,20.805,,,
1991,05/07/24 09:40:00 AM,20.805,,,
1992,05/07/24 09:50:00 AM,20.710,,,
1993,05/07/24 10:00:00 AM,20.615,,,
1994,05/07/24 10:10:00 AM,20.710,,,
1995,05/07/24 10:20:00 AM,20.901,,,
1996,05/07/24 10:30:00 AM,20.901,,,
1997,05/07/24 10:40:00 AM,20.901,,,
1998,05/07/24 10:50:00 AM,20.996,,,
1999,05/07/24 11:00:00 AM,20.901,,,
2000,05/07/24 11:10:00 AM,20.996,,,
2001,05/07/24 11:20:00 AM,20.901,,,
2002,05/07/24 11:30:00 AM,20.805,,,
2003,05/07/24 11:40:00 AM,20.710,,,
2004,05/07/24 11:50:00 AM,20.710,,,
2005,05/07/24 12:00:00 PM,20.805,,,
2006,05/07/24 12:10:00 PM,20.805,,,
2007,05/07/24 12:20:00 PM,20.901,,,
2008,05/07/24 12:30:00 PM,20.996,,,
2009,05/07/24 12:40:00 PM,20.901,,,
2010,05/07/24 12:50:00 PM,20.901,,,
2011,05/07/24 01:00:00 PM,20.996,,,
2012,05/07/24 01:10:00 PM,21.091,,,
2013,05/07/24 01:20:00 PM,21.187,,,
2014,05/07/24 01:30:00 PM,21.378,,,
2015,05/07/24 01:40:00 PM,21.378,,,
2016,05/07/24 01:50:00 PM,21.282,,,
2017,05/07/24 02:00:00 PM,21.378,,,
2018,05/07/24 02:10:00 PM,21.282,,,
2019,05/07/24 02:20:00 PM,21.473,,,
2020,05/07/24 02:30:00 PM,21.282,,,
2021,05/07/24 02:40:00 PM,21.282,,,
2022,05/07/24 02:50:00 PM,21.569,,,
2023,05/07/24 03:00:00 PM,21.664,,,
2024,05/07/24 03:10:00 PM,21.760,,,
2025,05/07/24 03:20:00 PM,21.664,,,
2026,05/07/24 03:30:00 PM,21.760,,,
2027,05/07/24 03:40:00 PM,21.855,,,
2028,05/07/24 03:50:00 PM,21.760,,,
2029,05/07/24 04:00:00 PM,21.473,,,
2030,05/07/24 04:10:00 PM,21.187,,,
2031,05/07/24 04:20:00 PM,21.282,,,
2032,05/07/24 04:30:00 PM,21.282,,,
2033,05/07/24 04:40:00 PM,21.282,,,
2034,05/07/24 04:50:00 PM,21.091,,,
2035,05/07/24 05:00:00 PM,21.091,,,
2036,05/07/24 05:10:00 PM,21.187,,,
2037,05/07/24 05:20:00 PM,21.282,,,
2038,05/07/24 05:30:00 PM,21.282,,,
2039,05/07/24 05:40:00 PM,21.282,,,
2040,05/07/24 05:50:00 PM,21.282,,,
2041,05/07/24 06:00:00 PM,21.091,,,
2042,05/07/24 06:10:00 PM,21.091,,,
2043,05/07/24 06:20:00 PM,21.282,,,
2044,05/07/24 06:30:00 PM,21.282,,,
2045,05/07/24 06:40:00 PM,21.282,,,
2046,05/07/24 06:50:00 PM,21.282,,,
2047,05/07/24 07:00:00 PM,21.282,,,
2048,05/07/24 07:10:00 PM,21.282,,,
2049,05/07/24 07:20:00 PM,21.187,,,
2050,05/07/24 07:30:00 PM,21.282,,,
2051,05/07/24 07:40:00 PM,21.282,,,
2052,05/07/24 07:50:00 PM,21.187,,,
2053,05/07/24 08:00:00 PM,21.378,,,
2054,05/07/24 08:10:00 PM,21.282,,,
2055,05/07/24 08:20:00 PM,21.282,,,
2056,05/07/24 08:30:00 PM,21.282,,,
2057,05/07/24 08:40:00 PM,21.282,,,
2058,05/07/24 08:50:00 PM,21.187,,,
2059,05/07/24 09:00:00 PM,21.282,,,
2060,05/07/24 09:10:00 PM,21.378,,,
2061,05/07/24 09:20:00 PM,21.473,,,
2062,05/07/24 09:30:00 PM,21.473,,,
2063,05/07/24 09:40:00 PM,21.473,,,
2064,05/07/24 09:50:00 PM,21.473,,,
2065,05/07/24 10:00:00 PM,21.569,,,
2066,05/07/24 10:10:00 PM,21.569,,,
2067,05/07/24 10:20:00 PM,21.569,,,
2068,05/07/24 10:30:00 PM,21.569,,,
2069,05/07/24 10:40:00 PM,21.569,,,
2070,05/07/24 10:50:00 PM,21.569,,,
2071,05/07/24 11:00:00 PM,21.569,,,
2072,05/07/24 11:10:00 PM,21.473,,,
2073,05/07/24 11:20:00 PM,21.473,,,
2074,05/07/24 11:30:00 PM,21.473,,,
2075,05/07/24 11:40:00 PM,21.378,,,
2076,05/07/24 11:50:00 PM,21.473,,,
2077,05/08/24 12:00:00 AM,21.473,,,
2078,05/08/24 12:10:00 AM,21.569,,,
2079,05/08/24 12:20:00 AM,21.569,,,
2080,05/08/24 12:30:00 AM,21.664,,,
2081,05/08/24 12:40:00 AM,21.664,,,
2082,05/08/24 12:50:00 AM,21.473,,,
2083,05/08/24 01:00:00 AM,21.473,,,
2084,05/08/24 01:10:00 AM,21.473,,,
2085,05/08/24 01:20:00 AM,21.473,,,
2086,05/08/24 01:30:00 AM,21.473,,,
2087,05/08/24 01:40:00 AM,21.569,,,
2088,05/08/24 01:50:00 AM,21.569,,,
2089,05/08/24 02:00:00 AM,21.569,,,
2090,05/08/24 02:10:00 AM,21.473,,,
2091,05/08/24 02:20:00 AM,21.569,,,
2092,05/08/24 02:30:00 AM,21.569,,,
2093,05/08/24 02:40:00 AM,21.473,,,
2094,05/08/24 02:50:00 AM,21.473,,,
2095,05/08/24 03:00:00 AM,21.473,,,
2096,05/08/24 03:10:00 AM,21.473,,,
2097,05/08/24 03:20:00 AM,21.569,,,
2098,05/08/24 03:30:00 AM,21.569,,,
2099,05/08/24 03:40:00 AM,21.664,,,
2100,05/08/24 03:50:00 AM,21.664,,,
2101,05/08/24 04:00:00 AM,21.473,,,
2102,05/08/24 04:10:00 AM,21.664,,,
2103,05/08/24 04:20:00 AM,21.664,,,
2104,05/08/24 04:30:00 AM,21.569,,,
2105,05/08/24 04:40:00 AM,21.473,,,
2106,05/08/24 04:50:00 AM,21.569,,,
2107,05/08/24 05:00:00 AM,21.473,,,
2108,05/08/24 05:10:00 AM,21.473,,,
2109,05/08/24 05:20:00 AM,21.473,,,
2110,05/08/24 05:30:00 AM,21.473,,,
2111,05/08/24 05:40:00 AM,21.473,,,
2112,05/08/24 05:50:00 AM,21.378,,,
2113,05/08/24 06:00:00 AM,21.282,,,
2114,05/08/24 06:10:00 AM,21.473,,,
2115,05/08/24 06:20:00 AM,21.473,,,
2116,05/08/24 06:30:00 AM,21.569,,,
2117,05/08/24 06:40:00 AM,21.664,,,
2118,05/08/24 06:50:00 AM,21.664,,,
2119,05/08/24 07:00:00 AM,21.760,,,
2120,05/08/24 07:10:00 AM,21.664,,,
2121,05/08/24 07:20:00 AM,21.664,,,
2122,05/08/24 07:30:00 AM,21.760,,,
2123,05/08/24 07:40:00 AM,21.664,,,
2124,05/08/24 07:50:00 AM,21.664,,,
2125,05/08/24 08:00:00 AM,21.760,,,
2126,05/08/24 08:10:00 AM,21.664,,,
2127,05/08/24 08:20:00 AM,21.473,,,
2128,05/08/24 08:30:00 AM,21.569,,,
2129,05/08/24 08:40:00 AM,21.473,,,
2130,05/08/24 08:50:00 AM,21.473,,,
2131,05/08/24 09:00:00 AM,21.569,,,
2132,05/08/24 09:10:00 AM,21.760,,,
2133,05/08/24 09:20:00 AM,21.664,,,
2134,05/08/24 09:30:00 AM,21.760,,,
2135,05/08/24 09:40:00 AM,21.664,,,
2136,05/08/24 09:50:00 AM,21.664,,,
2137,05/08/24 10:00:00 AM,21.569,,,
2138,05/08/24 10:10:00 AM,21.569,,,
2139,05/08/24 10:20:00 AM,21.473,,,
2140,05/08/24 10:30:00 AM,21.473,,,
2141,05/08/24 10:40:00 AM,21.473,,,
2142,05/08/24 10:50:00 AM,21.664,,,
2143,05/08/24 11:00:00 AM,21.664,,,
2144,05/08/24 11:10:00 AM,21.760,,,
2145,05/08/24 11:20:00 AM,21.855,,,
2146,05/08/24 11:30:00 AM,21.760,,,
2147,05/08/24 11:40:00 AM,21.664,,,
2148,05/08/24 11:50:00 AM,21.664,,,
2149,05/08/24 12:00:00 PM,21.760,,,
2150,05/08/24 12:10:00 PM,21.760,,,
2151,05/08/24 12:20:00 PM,21.855,,,
2152,05/08/24 12:30:00 PM,21.855,,,
2153,05/08/24 12:40:00 PM,21.760,,,
2154,05/08/24 12:50:00 PM,21.569,,,
2155,05/08/24 01:00:00 PM,21.282,,,
2156,05/08/24 01:10:00 PM,21.091,,,
2157,05/08/24 01:20:00 PM,20.805,,,
2158,05/08/24 01:30:00 PM,20.901,,,
2159,05/08/24 01:40:00 PM,21.187,,,
2160,05/08/24 01:50:00 PM,20.996,,,
2161,05/08/24 02:00:00 PM,20.710,,,
2162,05/08/24 02:10:00 PM,20.234,,,
2163,05/08/24 02:20:00 PM,19.948,,,
2164,05/08/24 02:30:00 PM,19.948,,,
2165,05/08/24 02:40:00 PM,20.234,,,
2166,05/08/24 02:50:00 PM,20.519,,,
2167,05/08/24 03:00:00 PM,20.805,,,
2168,05/08/24 03:10:00 PM,20.901,,,
2169,05/08/24 03:20:00 PM,20.710,,,
2170,05/08/24 03:30:00 PM,20.519,,,
2171,05/08/24 03:40:00 PM,20.234,,,
2172,05/08/24 03:50:00 PM,19.853,,,
2173,05/08/24 04:00:00 PM,19.758,,,
2174,05/08/24 04:10:00 PM,19.567,,,
2175,05/08/24 04:20:00 PM,19.377,,,
2176,05/08/24 04:30:00 PM,19.377,,,
2177,05/08/24 04:40:00 PM,19.377,,,
2178,05/08/24 04:50:00 PM,19.377,,,
2179,05/08/24 05:00:00 PM,19.377,,,
2180,05/08/24 05:10:00 PM,19.377,,,
2181,05/08/24 05:20:00 PM,19.472,,,
2182,05/08/24 05:30:00 PM,19.567,,,
2183,05/08/24 05:40:00 PM,19.758,,,
2184,05/08/24 05:50:00 PM,19.853,,,
2185,05/08/24 06:00:00 PM,20.043,,,
2186,05/08/24 06:10:00 PM,19.948,,,
2187,05/08/24 06:20:00 PM,19.853,,,
2188,05/08/24 06:30:00 PM,19.758,,,
2189,05/08/24 06:40:00 PM,19.662,,,
2190,05/08/24 06:50:00 PM,19.853,,,
2191,05/08/24 07:00:00 PM,19.758,,,
2192,05/08/24 07:10:00 PM,19.662,,,
2193,05/08/24 07:20:00 PM,19.662,,,
2194,05/08/24 07:30:00 PM,19.758,,,
2195,05/08/24 07:40:00 PM,19.853,,,
2196,05/08/24 07:50:00 PM,19.948,,,
2197,05/08/24 08:00:00 PM,19.948,,,
2198,05/08/24 08:10:00 PM,20.043,,,
2199,05/08/24 08:20:00 PM,20.043,,,
2200,05/08/24 08:30:00 PM,20.043,,,
2201,05/08/24 08:40:00 PM,20.043,,,
2202,05/08/24 08:50:00 PM,20.043,,,
2203,05/08/24 09:00:00 PM,20.043,,,
2204,05/08/24 09:10:00 PM,20.138,,,
2205,05/08/24 09:20:00 PM,20.138,,,
2206,05/08/24 09:30:00 PM,20.138,,,
2207,05/08/24 09:40:00 PM,20.234,,,
2208,05/08/24 09:50:00 PM,20.234,,,
2209,05/08/24 10:00:00 PM,20.329,,,
2210,05/08/24 10:10:00 PM,20.329,,,
2211,05/08/24 10:20:00 PM,20.329,,,
2212,05/08/24 10:30:00 PM,20.329,,,
2213,05/08/24 10:40:00 PM,20.329,,,
2214,05/08/24 10:50:00 PM,20.424,,,
2215,05/08/24 11:00:00 PM,20.424,,,
2216,05/08/24 11:10:00 PM,20.329,,,
2217,05/08/24 11:20:00 PM,20.329,,,
2218,05/08/24 11:30:00 PM,20.329,,,
2219,05/08/24 11:40:00 PM,20.329,,,
2220,05/08/24 11:50:00 PM,20.329,,,
2221,05/09/24 12:00:00 AM,20.234,,,
2222,05/09/24 12:10:00 AM,20.329,,,
2223,05/09/24 12:20:00 AM,20.329,,,
2224,05/09/24 12:30:00 AM,20.138,,,
2225,05/09/24 12:40:00 AM,20.234,,,
2226,05/09/24 12:50:00 AM,20.329,,,
2227,05/09/24 01:00:00 AM,20.329,,,
2228,05/09/24 01:10:00 AM,20.424,,,
2229,05/09/24 01:20:00 AM,20.424,,,
2230,05/09/24 01:30:00 AM,20.424,,,
2231,05/09/24 01:40:00 AM,20.424,,,
2232,05/09/24 01:50:00 AM,20.329,,,
2233,05/09/24 02:00:00 AM,20.424,,,
2234,05/09/24 02:10:00 AM,20.519,,,
2235,05/09/24 02:20:00 AM,20.519,,,
2236,05/09/24 02:30:00 AM,20.424,,,
2237,05/09/24 02:40:00 AM,20.424,,,
2238,05/09/24 02:50:00 AM,20.519,,,
2239,05/09/24 03:00:00 AM,20.615,,,
2240,05/09/24 03:10:00 AM,20.615,,,
2241,05/09/24 03:20:00 AM,20.615,,,
2242,05/09/24 03:30:00 AM,20.615,,,
2243,05/09/24 03:40:00 AM,20.615,,,
2244,05/09/24 03:50:00 AM,20.615,,,
2245,05/09/24 04:00:00 AM,20.615,,,
2246,05/09/24 04:10:00 AM,20.710,,,
2247,05/09/24 04:20:00 AM,20.710,,,
2248,05/09/24 04:30:00 AM,20.710,,,
2249,05/09/24 04:40:00 AM,20.710,,,
2250,05/09/24 04:50:00 AM,20.710,,,
2251,05/09/24 05:00:00 AM,20.710,,,
2252,05/09/24 05:10:00 AM,20.710,,,
2253,05/09/24 05:20:00 AM,20.615,,,
2254,05/09/24 05:30:00 AM,20.710,,,
2255,05/09/24 05:40:00 AM,20.710,,,
2256,05/09/24 05:50:00 AM,20.710,,,
2257,05/09/24 06:00:00 AM,20.710,,,
2258,05/09/24 06:10:00 AM,20.710,,,
2259,05/09/24 06:20:00 AM,20.615,,,
2260,05/09/24 06:30:00 AM,20.710,,,
2261,05/09/24 06:40:00 AM,20.805,,,
2262,05/09/24 06:50:00 AM,20.805,,,
2263,05/09/24 07:00:00 AM,20.805,,,
2264,05/09/24 07:10:00 AM,20.901,,,
2265,05/09/24 07:20:00 AM,20.805,,,
2266,05/09/24 07:30:00 AM,20.901,,,
2267,05/09/24 07:40:00 AM,20.901,,,
2268,05/09/24 07:50:00 AM,20.901,,,
2269,05/09/24 08:00:00 AM,20.805,,,
2270,05/09/24 08:10:00 AM,20.805,,,
2271,05/09/24 08:20:00 AM,20.805,,,
2272,05/09/24 08:30:00 AM,20.805,,,
2273,05/09/24 08:40:00 AM,20.805,,,
2274,05/09/24 08:50:00 AM,20.805,,,
2275,05/09/24 09:00:00 AM,20.805,,,
2276,05/09/24 09:10:00 AM,20.805,,,
2277,05/09/24 09:20:00 AM,20.805,,,
2278,05/09/24 09:30:00 AM,20.805,,,
2279,05/09/24 09:40:00 AM,20.710,,,
2280,05/09/24 09:50:00 AM,20.805,,,
2281,05/09/24 10:00:00 AM,20.805,,,
2282,05/09/24 10:10:00 AM,20.805,,,
2283,05/09/24 10:20:00 AM,20.901,,,
2284,05/09/24 10:30:00 AM,20.901,,,
2285,05/09/24 10:40:00 AM,20.996,,,
2286,05/09/24 10:50:00 AM,20.996,,,
2287,05/09/24 11:00:00 AM,20.996,,,
2288,05/09/24 11:10:00 AM,21.091,,,
2289,05/09/24 11:20:00 AM,21.091,,,
2290,05/09/24 11:30:00 AM,21.187,,,
2291,05/09/24 11:40:00 AM,21.187,,,
2292,05/09/24 11:50:00 AM,21.187,,,
2293,05/09/24 12:00:00 PM,21.282,,,
2294,05/09/24 12:10:00 PM,21.187,,,
2295,05/09/24 12:20:00 PM,21.091,,,
2296,05/09/24 12:30:00 PM,21.187,,,
2297,05/09/24 12:40:00 PM,21.187,,,
2298,05/09/24 12:50:00 PM,21.187,,,
2299,05/09/24 01:00:00 PM,21.187,,,
2300,05/09/24 01:10:00 PM,21.187,,,
2301,05/09/24 01:20:00 PM,21.282,,,
2302,05/09/24 01:30:00 PM,21.282,,,
2303,05/09/24 01:40:00 PM,21.282,,,
2304,05/09/24 01:50:00 PM,21.378,,,
2305,05/09/24 02:00:00 PM,21.378,,,
2306,05/09/24 02:10:00 PM,21.378,,,
2307,05/09/24 02:20:00 PM,21.378,,,
2308,05/09/24 02:30:00 PM,21.378,,,
2309,05/09/24 02:40:00 PM,21.378,,,
2310,05/09/24 02:50:00 PM,21.282,,,
2311,05/09/24 03:00:00 PM,21.282,,,
2312,05/09/24 03:10:00 PM,21.282,,,
2313,05/09/24 03:20:00 PM,21.282,,,
2314,05/09/24 03:30:00 PM,21.282,,,
2315,05/09/24 03:40:00 PM,21.282,,,
2316,05/09/24 03:50:00 PM,21.378,,,
2317,05/09/24 04:00:00 PM,21.473,,,
2318,05/09/24 04:10:00 PM,21.473,,,
2319,05/09/24 04:20:00 PM,21.473,,,
2320,05/09/24 04:30:00 PM,21.473,,,
2321,05/09/24 04:40:00 PM,21.473,,,
2322,05/09/24 04:50:00 PM,21.378,,,
2323,05/09/24 05:00:00 PM,21.378,,,
2324,05/09/24 05:10:00 PM,21.378,,,
2325,05/09/24 05:20:00 PM,21.378,,,
2326,05/09/24 05:30:00 PM,21.378,,,
2327,05/09/24 05:40:00 PM,21.378,,,
2328,05/09/24 05:50:00 PM,21.378,,,
2329,05/09/24 06:00:00 PM,21.473,,,
2330,05/09/24 06:10:00 PM,21.378,,,
2331,05/09/24 06:20:00 PM,21.473,,,
2332,05/09/24 06:30:00 PM,21.473,,,
2333,05/09/24 06:40:00 PM,21.378,,,
2334,05/09/24 06:50:00 PM,21.473,,,
2335,05/09/24 07:00:00 PM,21.473,,,
2336,05/09/24 07:10:00 PM,21.473,,,
2337,05/09/24 07:20:00 PM,21.473,,,
2338,05/09/24 07:30:00 PM,21.473,,,
2339,05/09/24 07:40:00 PM,21.569,,,
2340,05/09/24 07:50:00 PM,21.473,,,
2341,05/09/24 08:00:00 PM,21.569,,,
2342,05/09/24 08:10:00 PM,21.569,,,
2343,05/09/24 08:20:00 PM,21.569,,,
2344,05/09/24 08:30:00 PM,21.664,,,
2345,05/09/24 08:40:00 PM,21.664,,,
2346,05/09/24 08:50:00 PM,21.569,,,
2347,05/09/24 09:00:00 PM,21.569,,,
2348,05/09/24 09:10:00 PM,21.569,,,
2349,05/09/24 09:20:00 PM,21.569,,,
2350,05/09/24 09:30:00 PM,21.569,,,
2351,05/09/24 09:40:00 PM,21.569,,,
2352,05/09/24 09:50:00 PM,21.569,,,
2353,05/09/24 10:00:00 PM,21.569,,,
2354,05/09/24 10:10:00 PM,21.091,,,
2355,05/09/24 10:20:00 PM,20.996,,,
2356,05/09/24 10:30:00 PM,21.091,,,
2357,05/09/24 10:40:00 PM,21.091,,,
2358,05/09/24 10:50:00 PM,21.187,,,
2359,05/09/24 11:00:00 PM,21.091,,,
2360,05/09/24 11:10:00 PM,21.187,,,
2361,05/09/24 11:20:00 PM,21.187,,,
2362,05/09/24 11:30:00 PM,21.187,,,
2363,05/09/24 11:40:00 PM,21.282,,,
2364,05/09/24 11:50:00 PM,21.282,,,
2365,05/10/24 12:00:00 AM,21.282,,,
2366,05/10/24 12:10:00 AM,21.187,,,
2367,05/10/24 12:20:00 AM,21.378,,,
2368,05/10/24 12:30:00 AM,21.378,,,
2369,05/10/24 12:40:00 AM,21.187,,,
2370,05/10/24 12:50:00 AM,20.615,,,
2371,05/10/24 01:00:00 AM,20.615,,,
2372,05/10/24 01:10:00 AM,20.519,,,
2373,05/10/24 01:20:00 AM,20.615,,,
2374,05/10/24 01:30:00 AM,20.424,,,
2375,05/10/24 01:40:00 AM,20.329,,,
2376,05/10/24 01:50:00 AM,20.329,,,
2377,05/10/24 02:00:00 AM,20.234,,,
2378,05/10/24 02:10:00 AM,20.138,,,
2379,05/10/24 02:20:00 AM,20.138,,,
2380,05/10/24 02:30:00 AM,20.138,,,
2381,05/10/24 02:40:00 AM,20.329,,,
2382,05/10/24 02:50:00 AM,20.234,,,
2383,05/10/24 03:00:00 AM,20.138,,,
2384,05/10/24 03:10:00 AM,20.234,,,
2385,05/10/24 03:20:00 AM,20.138,,,
2386,05/10/24 03:30:00 AM,20.234,,,
2387,05/10/24 03:40:00 AM,20.234,,,
2388,05/10/24 03:50:00 AM,20.329,,,
2389,05/10/24 04:00:00 AM,20.234,,,
2390,05/10/24 04:10:00 AM,20.329,,,
2391,05/10/24 04:20:00 AM,20.234,,,
2392,05/10/24 04:30:00 AM,20.234,,,
2393,05/10/24 04:40:00 AM,20.424,,,
2394,05/10/24 04:50:00 AM,20.519,,,
2395,05/10/24 05:00:00 AM,20.424,,,
2396,05/10/24 05:10:00 AM,20.329,,,
2397,05/10/24 05:20:00 AM,20.329,,,
2398,05/10/24 05:30:00 AM,20.234,,,
2399,05/10/24 05:40:00 AM,20.329,,,
2400,05/10/24 05:50:00 AM,20.234,,,
2401,05/10/24 06:00:00 AM,20.234,,,
2402,05/10/24 06:10:00 AM,20.234,,,
2403,05/10/24 06:20:00 AM,20.234,,,
2404,05/10/24 06:30:00 AM,20.234,,,
2405,05/10/24 06:40:00 AM,20.329,,,
2406,05/10/24 06:50:00 AM,20.424,,,
2407,05/10/24 07:00:00 AM,20.329,,,
2408,05/10/24 07:10:00 AM,20.329,,,
2409,05/10/24 07:20:00 AM,20.234,,,
2410,05/10/24 07:30:00 AM,20.234,,,
2411,05/10/24 07:40:00 AM,20.329,,,
2412,05/10/24 07:50:00 AM,19.948,,,
2413,05/10/24 08:00:00 AM,20.234,,,
2414,05/10/24 08:10:00 AM,20.234,,,
2415,05/10/24 08:20:00 AM,20.234,,,
2416,05/10/24 08:30:00 AM,20.329,,,
2417,05/10/24 08:40:00 AM,20.329,,,
2418,05/10/24 08:50:00 AM,20.138,,,
2419,05/10/24 09:00:00 AM,20.234,,,
2420,05/10/24 09:10:00 AM,20.138,,,
2421,05/10/24 09:20:00 AM,20.138,,,
2422,05/10/24 09:30:00 AM,20.138,,,
2423,05/10/24 09:40:00 AM,20.138,,,
2424,05/10/24 09:50:00 AM,20.234,,,
2425,05/10/24 10:00:00 AM,20.329,,,
2426,05/10/24 10:10:00 AM,20.424,,,
2427,05/10/24 10:20:00 AM,20.519,,,
2428,05/10/24 10:30:00 AM,20.519,,,
2429,05/10/24 10:40:00 AM,20.424,,,
2430,05/10/24 10:50:00 AM,20.519,,,
2431,05/10/24 11:00:00 AM,20.615,,,
2432,05/10/24 11:10:00 AM,20.329,,,
2433,05/10/24 11:20:00 AM,20.519,,,
2434,05/10/24 11:30:00 AM,20.329,,,
2435,05/10/24 11:40:00 AM,20.424,,,
2436,05/10/24 11:50:00 AM,20.329,,,
2437,05/10/24 12:00:00 PM,19.948,,,
2438,05/10/24 12:10:00 PM,20.138,,,
2439,05/10/24 12:20:00 PM,20.234,,,
2440,05/10/24 12:30:00 PM,20.329,,,
2441,05/10/24 12:40:00 PM,20.234,,,
2442,05/10/24 12:50:00 PM,20.519,,,
2443,05/10/24 01:00:00 PM,20.615,,,
2444,05/10/24 01:10:00 PM,20.519,,,
2445,05/10/24 01:20:00 PM,20.329,,,
2446,05/10/24 01:30:00 PM,20.519,,,
2447,05/10/24 01:40:00 PM,20.519,,,
2448,05/10/24 01:50:00 PM,20.615,,,
2449,05/10/24 02:00:00 PM,20.710,,,
2450,05/10/24 02:10:00 PM,20.805,,,
2451,05/10/24 02:20:00 PM,20.615,,,
2452,05/10/24 02:30:00 PM,20.805,,,
2453,05/10/24 02:40:00 PM,20.901,,,
2454,05/10/24 02:50:00 PM,20.901,,,
2455,05/10/24 03:00:00 PM,20.901,,,
2456,05/10/24 03:10:00 PM,20.901,,,
2457,05/10/24 03:20:00 PM,20.805,,,
2458,05/10/24 03:30:00 PM,21.091,,,
2459,05/10/24 03:40:00 PM,21.091,,,
2460,05/10/24 03:50:00 PM,20.901,,,
2461,05/10/24 04:00:00 PM,20.996,,,
2462,05/10/24 04:10:00 PM,20.901,,,
2463,05/10/24 04:20:00 PM,20.996,,,
2464,05/10/24 04:30:00 PM,20.996,,,
2465,05/10/24 04:40:00 PM,21.091,,,
2466,05/10/24 04:50:00 PM,21.091,,,
2467,05/10/24 05:00:00 PM,20.996,,,
2468,05/10/24 05:10:00 PM,20.996,,,
2469,05/10/24 05:20:00 PM,21.091,,,
2470,05/10/24 05:30:00 PM,21.091,,,
2471,05/10/24 05:40:00 PM,21.091,,,
2472,05/10/24 05:50:00 PM,21.187,,,
2473,05/10/24 06:00:00 PM,21.091,,,
2474,05/10/24 06:10:00 PM,20.901,,,
2475,05/10/24 06:20:00 PM,20.996,,,
2476,05/10/24 06:30:00 PM,20.901,,,
2477,05/10/24 06:40:00 PM,20.996,,,
2478,05/10/24 06:50:00 PM,20.996,,,
2479,05/10/24 07:00:00 PM,20.996,,,
2480,05/10/24 07:10:00 PM,20.901,,,
2481,05/10/24 07:20:00 PM,20.901,,,
2482,05/10/24 07:30:00 PM,20.901,,,
2483,05/10/24 07:40:00 PM,20.901,,,
2484,05/10/24 07:50:00 PM,20.996,,,
2485,05/10/24 08:00:00 PM,20.901,,,
2486,05/10/24 08:10:00 PM,20.901,,,
2487,05/10/24 08:20:00 PM,20.901,,,
2488,05/10/24 08:30:00 PM,20.901,,,
2489,05/10/24 08:40:00 PM,20.901,,,
2490,05/10/24 08:50:00 PM,20.901,,,
2491,05/10/24 09:00:00 PM,20.901,,,
2492,05/10/24 09:10:00 PM,20.901,,,
2493,05/10/24 09:20:00 PM,20.901,,,
2494,05/10/24 09:30:00 PM,20.901,,,
2495,05/10/24 09:40:00 PM,20.901,,,
2496,05/10/24 09:50:00 PM,20.805,,,
2497,05/10/24 10:00:00 PM,20.805,,,
2498,05/10/24 10:10:00 PM,20.805,,,
2499,05/10/24 10:20:00 PM,20.615,,,
2500,05/10/24 10:30:00 PM,20.710,,,
2501,05/10/24 10:40:00 PM,20.710,,,
2502,05/10/24 10:50:00 PM,20.710,,,
2503,05/10/24 11:00:00 PM,20.710,,,
2504,05/10/24 11:10:00 PM,20.710,,,
2505,05/10/24 11:20:00 PM,20.710,,,
2506,05/10/24 11:30:00 PM,20.615,,,
2507,05/10/24 11:40:00 PM,20.710,,,
2508,05/10/24 11:50:00 PM,20.710,,,
2509,05/11/24 12:00:00 AM,20.615,,,
2510,05/11/24 12:10:00 AM,20.615,,,
2511,05/11/24 12:20:00 AM,20.615,,,
2512,05/11/24 12:30:00 AM,20.519,,,
2513,05/11/24 12:40:00 AM,20.519,,,
2514,05/11/24 12:50:00 AM,20.519,,,
2515,05/11/24 01:00:00 AM,20.519,,,
2516,05/11/24 01:10:00 AM,20.519,,,
2517,05/11/24 01:20:00 AM,20.519,,,
2518,05/11/24 01:30:00 AM,20.424,,,
2519,05/11/24 01:40:00 AM,20.424,,,
2520,05/11/24 01:50:00 AM,20.424,,,
2521,05/11/24 02:00:00 AM,20.329,,,
2522,05/11/24 02:10:00 AM,20.329,,,
2523,05/11/24 02:20:00 AM,20.329,,,
2524,05/11/24 02:30:00 AM,20.329,,,
2525,05/11/24 02:40:00 AM,20.329,,,
2526,05/11/24 02:50:00 AM,20.329,,,
2527,05/11/24 03:00:00 AM,20.234,,,
2528,05/11/24 03:10:00 AM,20.234,,,
2529,05/11/24 03:20:00 AM,20.234,,,
2530,05/11/24 03:30:00 AM,20.138,,,
2531,05/11/24 03:40:00 AM,20.234,,,
2532,05/11/24 03:50:00 AM,20.234,,,
2533,05/11/24 04:00:00 AM,20.043,,,
2534,05/11/24 04:10:00 AM,19.948,,,
2535,05/11/24 04:20:00 AM,19.948,,,
2536,05/11/24 04:30:00 AM,19.948,,,
2537,05/11/24 04:40:00 AM,19.948,,,
2538,05/11/24 04:50:00 AM,20.043,,,
2539,05/11/24 05:00:00 AM,19.948,,,
2540,05/11/24 05:10:00 AM,19.948,,,
2541,05/11/24 05:20:00 AM,19.948,,,
2542,05/11/24 05:30:00 AM,19.948,,,
2543,05/11/24 05:40:00 AM,19.853,,,
2544,05/11/24 05:50:00 AM,19.853,,,
2545,05/11/24 06:00:00 AM,20.043,,,
2546,05/11/24 06:10:00 AM,19.948,,,
2547,05/11/24 06:20:00 AM,19.948,,,
2548,05/11/24 06:30:00 AM,19.853,,,
2549,05/11/24 06:40:00 AM,19.853,,,
2550,05/11/24 06:50:00 AM,20.043,,,
2551,05/11/24 07:00:00 AM,20.043,,,
2552,05/11/24 07:10:00 AM,19.948,,,
2553,05/11/24 07:20:00 AM,19.758,,,
2554,05/11/24 07:30:00 AM,19.662,,,
2555,05/11/24 07:40:00 AM,19.853,,,
2556,05/11/24 07:50:00 AM,19.758,,,
2557,05/11/24 08:00:00 AM,19.853,,,
2558,05/11/24 08:10:00 AM,19.758,,,
2559,05/11/24 08:20:00 AM,19.758,,,
2560,05/11/24 08:30:00 AM,19.758,,,
2561,05/11/24 08:40:00 AM,19.758,,,
2562,05/11/24 08:50:00 AM,19.948,,,
2563,05/11/24 09:00:00 AM,19.948,,,
2564,05/11/24 09:10:00 AM,19.948,,,
2565,05/11/24 09:20:00 AM,19.948,,,
2566,05/11/24 09:30:00 AM,19.948,,,
2567,05/11/24 09:40:00 AM,20.043,,,
2568,05/11/24 09:50:00 AM,20.138,,,
2569,05/11/24 10:00:00 AM,19.948,,,
2570,05/11/24 10:10:00 AM,20.043,,,
2571,05/11/24 10:20:00 AM,20.234,,,
2572,05/11/24 10:30:00 AM,20.329,,,
2573,05/11/24 10:40:00 AM,20.519,,,
2574,05/11/24 10:50:00 AM,20.710,,,
2575,05/11/24 11:00:00 AM,20.519,,,
2576,05/11/24 11:10:00 AM,20.710,,,
2577,05/11/24 11:20:00 AM,20.805,,,
2578,05/11/24 11:30:00 AM,20.901,,,
2579,05/11/24 11:40:00 AM,20.901,,,
2580,05/11/24 11:50:00 AM,20.996,,,
2581,05/11/24 12:00:00 PM,20.996,,,
2582,05/11/24 12:10:00 PM,21.091,,,
2583,05/11/24 12:20:00 PM,20.996,,,
2584,05/11/24 12:30:00 PM,21.091,,,
2585,05/11/24 12:40:00 PM,21.091,,,
2586,05/11/24 12:50:00 PM,20.996,,,
2587,05/11/24 01:00:00 PM,21.187,,,
2588,05/11/24 01:10:00 PM,21.282,,,
2589,05/11/24 01:20:00 PM,21.091,,,
2590,05/11/24 01:30:00 PM,21.187,,,
2591,05/11/24 01:40:00 PM,21.091,,,
2592,05/11/24 01:50:00 PM,21.187,,,
2593,05/11/24 02:00:00 PM,21.282,,,
2594,05/11/24 02:10:00 PM,21.378,,,
2595,05/11/24 02:20:00 PM,21.473,,,
2596,05/11/24 02:30:00 PM,21.378,,,
2597,05/11/24 02:40:00 PM,21.378,,,
2598,05/11/24 02:50:00 PM,21.473,,,
2599,05/11/24 03:00:00 PM,21.282,,,
2600,05/11/24 03:10:00 PM,21.187,,,
2601,05/11/24 03:20:00 PM,21.091,,,
2602,05/11/24 03:30:00 PM,21.091,,,
2603,05/11/24 03:40:00 PM,21.091,,,
2604,05/11/24 03:50:00 PM,21.091,,,
2605,05/11/24 04:00:00 PM,21.091,,,
2606,05/11/24 04:10:00 PM,21.091,,,
2607,05/11/24 04:20:00 PM,21.091,,,
2608,05/11/24 04:30:00 PM,21.091,,,
2609,05/11/24 04:40:00 PM,21.091,,,
2610,05/11/24 04:50:00 PM,21.091,,,
2611,05/11/24 05:00:00 PM,21.091,,,
2612,05/11/24 05:10:00 PM,21.091,,,
2613,05/11/24 05:20:00 PM,21.091,,,
2614,05/11/24 05:30:00 PM,21.091,,,
2615,05/11/24 05:40:00 PM,20.996,,,
2616,05/11/24 05:50:00 PM,21.091,,,
2617,05/11/24 06:00:00 PM,20.996,,,
2618,05/11/24 06:10:00 PM,20.996,,,
2619,05/11/24 06:20:00 PM,20.996,,,
2620,05/11/24 06:30:00 PM,20.901,,,
2621,05/11/24 06:40:00 PM,21.091,,,
2622,05/11/24 06:50:00 PM,20.901,,,
2623,05/11/24 07:00:00 PM,20.901,,,
2624,05/11/24 07:10:00 PM,20.901,,,
2625,05/11/24 07:20:00 PM,20.805,,,
2626,05/11/24 07:30:00 PM,20.901,,,
2627,05/11/24 07:40:00 PM,20.901,,,
2628,05/11/24 07:50:00 PM,20.901,,,
2629,05/11/24 08:00:00 PM,20.901,,,
2630,05/11/24 08:10:00 PM,20.901,,,
2631,05/11/24 08:20:00 PM,20.901,,,
2632,05/11/24 08:30:00 PM,20.901,,,
2633,05/11/24 08:40:00 PM,20.901,,,
2634,05/11/24 08:50:00 PM,20.805,,,
2635,05/11/24 09:00:00 PM,20.901,,,
2636,05/11/24 09:10:00 PM,20.901,,,
2637,05/11/24 09:20:00 PM,20.805,,,
2638,05/11/24 09:30:00 PM,20.901,,,
2639,05/11/24 09:40:00 PM,20.805,,,
2640,05/11/24 09:50:00 PM,20.805,,,
2641,05/11/24 10:00:00 PM,20.710,,,
2642,05/11/24 10:10:00 PM,20.901,,,
2643,05/11/24 10:20:00 PM,20.805,,,
2644,05/11/24 10:30:00 PM,20.710,,,
2645,05/11/24 10:40:00 PM,20.805,,,
2646,05/11/24 10:50:00 PM,20.710,,,
2647,05/11/24 11:00:00 PM,20.710,,,
2648,05/11/24 11:10:00 PM,20.710,,,
2649,05/11/24 11:20:00 PM,20.710,,,
2650,05/11/24 11:30:00 PM,20.710,,,
2651,05/11/24 11:40:00 PM,20.615,,,
2652,05/11/24 11:50:00 PM,20.710,,,
2653,05/12/24 12:00:00 AM,20.615,,,
2654,05/12/24 12:10:00 AM,20.615,,,
2655,05/12/24 12:20:00 AM,20.615,,,
2656,05/12/24 12:30:00 AM,20.615,,,
2657,05/12/24 12:40:00 AM,20.615,,,
2658,05/12/24 12:50:00 AM,20.615,,,
2659,05/12/24 01:00:00 AM,20.519,,,
2660,05/12/24 01:10:00 AM,20.519,,,
2661,05/12/24 01:20:00 AM,20.519,,,
2662,05/12/24 01:30:00 AM,20.424,,,
2663,05/12/24 01:40:00 AM,20.329,,,
2664,05/12/24 01:50:00 AM,20.424,,,
2665,05/12/24 02:00:00 AM,20.424,,,
2666,05/12/24 02:10:00 AM,20.329,,,
2667,05/12/24 02:20:00 AM,20.329,,,
2668,05/12/24 02:30:00 AM,20.329,,,
2669,05/12/24 02:40:00 AM,20.234,,,
2670,05/12/24 02:50:00 AM,20.329,,,
2671,05/12/24 03:00:00 AM,20.043,,,
2672,05/12/24 03:10:00 AM,20.043,,,
2673,05/12/24 03:20:00 AM,20.138,,,
2674,05/12/24 03:30:00 AM,20.138,,,
2675,05/12/24 03:40:00 AM,20.234,,,
2676,05/12/24 03:50:00 AM,20.043,,,
2677,05/12/24 04:00:00 AM,20.138,,,
2678,05/12/24 04:10:00 AM,20.138,,,
2679,05/12/24 04:20:00 AM,20.043,,,
2680,05/12/24 04:30:00 AM,20.138,,,
2681,05/12/24 04:40:00 AM,20.043,,,
2682,05/12/24 04:50:00 AM,19.948,,,
2683,05/12/24 05:00:00 AM,19.948,,,
2684,05/12/24 05:10:00 AM,19.853,,,
2685,05/12/24 05:20:00 AM,19.853,,,
2686,05/12/24 05:30:00 AM,19.758,,,
2687,05/12/24 05:40:00 AM,19.758,,,
2688,05/12/24 05:50:00 AM,19.853,,,
2689,05/12/24 06:00:00 AM,19.758,,,
2690,05/12/24 06:10:00 AM,19.567,,,
2691,05/12/24 06:20:00 AM,19.567,,,
2692,05/12/24 06:30:00 AM,19.567,,,
2693,05/12/24 06:40:00 AM,19.662,,,
2694,05/12/24 06:50:00 AM,19.662,,,
2695,05/12/24 07:00:00 AM,19.567,,,
2696,05/12/24 07:10:00 AM,19.567,,,
2697,05/12/24 07:20:00 AM,19.567,,,
2698,05/12/24 07:30:00 AM,19.567,,,
2699,05/12/24 07:40:00 AM,19.472,,,
2700,05/12/24 07:50:00 AM,19.282,,,
2701,05/12/24 08:00:00 AM,19.377,,,
2702,05/12/24 08:10:00 AM,19.472,,,
2703,05/12/24 08:20:00 AM,19.472,,,
2704,05/12/24 08:30:00 AM,19.567,,,
2705,05/12/24 08:40:00 AM,19.567,,,
2706,05/12/24 08:50:00 AM,19.472,,,
2707,05/12/24 09:00:00 AM,19.567,,,
2708,05/12/24 09:10:00 AM,19.567,,,
2709,05/12/24 09:20:00 AM,19.662,,,
2710,05/12/24 09:30:00 AM,19.758,,,
2711,05/12/24 09:40:00 AM,19.662,,,
2712,05/12/24 09:50:00 AM,19.662,,,
2713,05/12/24 10:00:00 AM,19.758,,,
2714,05/12/24 10:10:00 AM,19.948,,,
2715,05/12/24 10:20:00 AM,19.948,,,
2716,05/12/24 10:30:00 AM,19.948,,,
2717,05/12/24 10:40:00 AM,20.043,,,
2718,05/12/24 10:50:00 AM,20.043,,,
2719,05/12/24 11:00:00 AM,20.043,,,
2720,05/12/24 11:10:00 AM,20.234,,,
2721,05/12/24 11:20:00 AM,20.329,,,
2722,05/12/24 11:30:00 AM,20.329,,,
2723,05/12/24 11:40:00 AM,20.234,,,
2724,05/12/24 11:50:00 AM,20.519,,,
2725,05/12/24 12:00:00 PM,20.329,,,
2726,05/12/24 12:10:00 PM,20.329,,,
2727,05/12/24 12:20:00 PM,20.519,,,
2728,05/12/24 12:30:00 PM,20.519,,,
2729,05/12/24 12:40:00 PM,20.615,,,
2730,05/12/24 12:50:00 PM,20.519,,,
2731,05/12/24 01:00:00 PM,20.519,,,
2732,05/12/24 01:10:00 PM,20.519,,,
2733,05/12/24 01:20:00 PM,20.615,,,
2734,05/12/24 01:30:00 PM,20.710,,,
2735,05/12/24 01:40:00 PM,20.805,,,
2736,05/12/24 01:50:00 PM,20.519,,,
2737,05/12/24 02:00:00 PM,20.710,,,
2738,05/12/24 02:10:00 PM,20.710,,,
2739,05/12/24 02:20:00 PM,20.710,,,
2740,05/12/24 02:30:00 PM,20.805,,,
2741,05/12/24 02:40:00 PM,20.805,,,
2742,05/12/24 02:50:00 PM,20.901,,,
2743,05/12/24 03:00:00 PM,20.710,,,
2744,05/12/24 03:10:00 PM,20.901,,,
2745,05/12/24 03:20:00 PM,20.901,,,
2746,05/12/24 03:30:00 PM,20.996,,,
2747,05/12/24 03:40:00 PM,20.996,,,
2748,05/12/24 03:50:00 PM,20.996,,,
2749,05/12/24 04:00:00 PM,21.091,,,
2750,05/12/24 04:10:00 PM,20.996,,,
2751,05/12/24 04:20:00 PM,21.282,,,
2752,05/12/24 04:30:00 PM,21.187,,,
2753,05/12/24 04:40:00 PM,21.282,,,
2754,05/12/24 04:50:00 PM,21.473,,,
2755,05/12/24 05:00:00 PM,21.473,,,
2756,05/12/24 05:10:00 PM,21.664,,,
2757,05/12/24 05:20:00 PM,21.664,,,
2758,05/12/24 05:30:00 PM,21.664,,,
2759,05/12/24 05:40:00 PM,21.760,,,
2760,05/12/24 05:50:00 PM,21.760,,,
2761,05/12/24 06:00:00 PM,21.760,,,
2762,05/12/24 06:10:00 PM,21.760,,,
2763,05/12/24 06:20:00 PM,21.760,,,
2764,05/12/24 06:30:00 PM,21.760,,,
2765,05/12/24 06:40:00 PM,21.760,,,
2766,05/12/24 06:50:00 PM,21.664,,,
2767,05/12/24 07:00:00 PM,21.664,,,
2768,05/12/24 07:10:00 PM,21.664,,,
2769,05/12/24 07:20:00 PM,21.569,,,
2770,05/12/24 07:30:00 PM,21.473,,,
2771,05/12/24 07:40:00 PM,21.473,,,
2772,05/12/24 07:50:00 PM,21.473,,,
2773,05/12/24 08:00:00 PM,21.473,,,
2774,05/12/24 08:10:00 PM,21.091,,,
2775,05/12/24 08:20:00 PM,20.996,,,
2776,05/12/24 08:30:00 PM,20.996,,,
2777,05/12/24 08:40:00 PM,20.996,,,
2778,05/12/24 08:50:00 PM,21.091,,,
2779,05/12/24 09:00:00 PM,20.996,,,
2780,05/12/24 09:10:00 PM,21.091,,,
2781,05/12/24 09:20:00 PM,21.282,,,
2782,05/12/24 09:30:00 PM,21.378,,,
2783,05/12/24 09:40:00 PM,21.378,,,
2784,05/12/24 09:50:00 PM,21.473,,,
2785,05/12/24 10:00:00 PM,21.473,,,
2786,05/12/24 10:10:00 PM,21.473,,,
2787,05/12/24 10:20:00 PM,21.473,,,
2788,05/12/24 10:30:00 PM,21.473,,,
2789,05/12/24 10:40:00 PM,21.378,,,
2790,05/12/24 10:50:00 PM,21.473,,,
2791,05/12/24 11:00:00 PM,21.473,,,
2792,05/12/24 11:10:00 PM,21.378,,,
2793,05/12/24 11:20:00 PM,21.282,,,
2794,05/12/24 11:30:00 PM,21.282,,,
2795,05/12/24 11:40:00 PM,21.282,,,
2796,05/12/24 11:50:00 PM,21.378,,,
2797,05/13/24 12:00:00 AM,21.282,,,
2798,05/13/24 12:10:00 AM,21.282,,,
2799,05/13/24 12:20:00 AM,21.282,,,
2800,05/13/24 12:30:00 AM,21.282,,,
2801,05/13/24 12:40:00 AM,21.187,,,
2802,05/13/24 12:50:00 AM,21.187,,,
2803,05/13/24 01:00:00 AM,21.091,,,
2804,05/13/24 01:10:00 AM,21.091,,,
2805,05/13/24 01:20:00 AM,20.996,,,
2806,05/13/24 01:30:00 AM,20.996,,,
2807,05/13/24 01:40:00 AM,20.710,,,
2808,05/13/24 01:50:00 AM,20.805,,,
2809,05/13/24 02:00:00 AM,20.805,,,
2810,05/13/24 02:10:00 AM,20.901,,,
2811,05/13/24 02:20:00 AM,20.805,,,
2812,05/13/24 02:30:00 AM,20.901,,,
2813,05/13/24 02:40:00 AM,20.901,,,
2814,05/13/24 02:50:00 AM,20.805,,,
2815,05/13/24 03:00:00 AM,20.615,,,
2816,05/13/24 03:10:00 AM,20.519,,,
2817,05/13/24 03:20:00 AM,20.424,,,
2818,05/13/24 03:30:00 AM,20.519,,,
2819,05/13/24 03:40:00 AM,20.329,,,
2820,05/13/24 03:50:00 AM,20.519,,,
2821,05/13/24 04:00:00 AM,20.329,,,
2822,05/13/24 04:10:00 AM,20.329,,,
2823,05/13/24 04:20:00 AM,20.329,,,
2824,05/13/24 04:30:00 AM,20.234,,,
2825,05/13/24 04:40:00 AM,20.138,,,
2826,05/13/24 04:50:00 AM,20.138,,,
2827,05/13/24 05:00:00 AM,20.043,,,
2828,05/13/24 05:10:00 AM,20.043,,,
2829,05/13/24 05:20:00 AM,20.138,,,
2830,05/13/24 05:30:00 AM,20.043,,,
2831,05/13/24 05:40:00 AM,20.043,,,
2832,05/13/24 05:50:00 AM,20.043,,,
2833,05/13/24 06:00:00 AM,20.234,,,
2834,05/13/24 06:10:00 AM,20.234,,,
2835,05/13/24 06:20:00 AM,19.948,,,
2836,05/13/24 06:30:00 AM,19.948,,,
2837,05/13/24 06:40:00 AM,19.948,,,
2838,05/13/24 06:50:00 AM,19.853,,,
2839,05/13/24 07:00:00 AM,19.948,,,
2840,05/13/24 07:10:00 AM,20.043,,,
2841,05/13/24 07:20:00 AM,20.043,,,
2842,05/13/24 07:30:00 AM,19.853,,,
2843,05/13/24 07:40:00 AM,19.853,,,
2844,05/13/24 07:50:00 AM,19.948,,,
2845,05/13/24 08:00:00 AM,19.853,,,
2846,05/13/24 08:10:00 AM,19.853,,,
2847,05/13/24 08:20:00 AM,19.948,,,
2848,05/13/24 08:30:00 AM,19.948,,,
2849,05/13/24 08:40:00 AM,19.948,,,
2850,05/13/24 08:50:00 AM,19.948,,,
2851,05/13/24 09:00:00 AM,20.043,,,
2852,05/13/24 09:10:00 AM,20.138,,,
2853,05/13/24 09:20:00 AM,20.234,,,
2854,05/13/24 09:30:00 AM,20.234,,,
2855,05/13/24 09:40:00 AM,20.138,,,
2856,05/13/24 09:50:00 AM,20.138,,,
2857,05/13/24 10:00:00 AM,20.329,,,
2858,05/13/24 10:10:00 AM,20.329,,,
2859,05/13/24 10:20:00 AM,20.329,,,
2860,05/13/24 10:30:00 AM,20.329,,,
2861,05/13/24 10:40:00 AM,20.519,,,
2862,05/13/24 10:50:00 AM,20.519,,,
2863,05/13/24 11:00:00 AM,20.615,,,
2864,05/13/24 11:10:00 AM,20.615,,,
2865,05/13/24 11:20:00 AM,20.710,,,
2866,05/13/24 11:30:00 AM,20.615,,,
2867,05/13/24 11:40:00 AM,20.710,,,
2868,05/13/24 11:50:00 AM,20.805,,,
2869,05/13/24 12:00:00 PM,20.901,,,
2870,05/13/24 12:10:00 PM,20.996,,,
2871,05/13/24 12:20:00 PM,20.996,,,
2872,05/13/24 12:30:00 PM,20.901,,,
2873,05/13/24 12:40:00 PM,20.996,,,
2874,05/13/24 12:50:00 PM,21.091,,,
2875,05/13/24 01:00:00 PM,21.091,,,
2876,05/13/24 01:10:00 PM,21.091,,,
2877,05/13/24 01:20:00 PM,21.187,,,
2878,05/13/24 01:30:00 PM,21.187,,,
2879,05/13/24 01:40:00 PM,21.187,,,
2880,05/13/24 01:50:00 PM,21.282,,,
2881,05/13/24 02:00:00 PM,21.282,,,
2882,05/13/24 02:10:00 PM,21.378,,,
2883,05/13/24 02:20:00 PM,21.378,,,
2884,05/13/24 02:30:00 PM,21.378,,,
2885,05/13/24 02:40:00 PM,21.282,,,
2886,05/13/24 02:50:00 PM,21.282,,,
2887,05/13/24 03:00:00 PM,21.282,,,
2888,05/13/24 03:10:00 PM,21.282,,,
2889,05/13/24 03:20:00 PM,21.282,,,
2890,05/13/24 03:30:00 PM,21.282,,,
2891,05/13/24 03:40:00 PM,21.282,,,
2892,05/13/24 03:50:00 PM,21.187,,,
2893,05/13/24 04:00:00 PM,21.187,,,
2894,05/13/24 04:10:00 PM,21.187,,,
2895,05/13/24 04:20:00 PM,21.282,,,
2896,05/13/24 04:30:00 PM,21.187,,,
2897,05/13/24 04:40:00 PM,21.187,,,
2898,05/13/24 04:50:00 PM,21.091,,,
2899,05/13/24 05:00:00 PM,21.091,,,
2900,05/13/24 05:10:00 PM,21.091,,,
2901,05/13/24 05:20:00 PM,21.091,,,
2902,05/13/24 05:30:00 PM,21.091,,,
2903,05/13/24 05:40:00 PM,21.091,,,
2904,05/13/24 05:50:00 PM,21.091,,,
2905,05/13/24 06:00:00 PM,21.091,,,
2906,05/13/24 06:10:00 PM,21.091,,,
2907,05/13/24 06:20:00 PM,21.091,,,
2908,05/13/24 06:30:00 PM,21.091,,,
2909,05/13/24 06:40:00 PM,21.091,,,
2910,05/13/24 06:50:00 PM,21.091,,,
2911,05/13/24 07:00:00 PM,21.187,,,
2912,05/13/24 07:10:00 PM,21.187,,,
2913,05/13/24 07:20:00 PM,21.187,,,
2914,05/13/24 07:30:00 PM,21.187,,,
2915,05/13/24 07:40:00 PM,21.187,,,
2916,05/13/24 07:50:00 PM,21.187,,,
2917,05/13/24 08:00:00 PM,21.187,,,
2918,05/13/24 08:10:00 PM,21.187,,,
2919,05/13/24 08:20:00 PM,21.091,,,
2920,05/13/24 08:30:00 PM,21.282,,,
2921,05/13/24 08:40:00 PM,21.187,,,
2922,05/13/24 08:50:00 PM,21.187,,,
2923,05/13/24 09:00:00 PM,21.091,,,
2924,05/13/24 09:10:00 PM,21.091,,,
2925,05/13/24 09:20:00 PM,21.091,,,
2926,05/13/24 09:30:00 PM,21.091,,,
2927,05/13/24 09:40:00 PM,21.091,,,
2928,05/13/24 09:50:00 PM,21.091,,,
2929,05/13/24 10:00:00 PM,21.091,,,
2930,05/13/24 10:10:00 PM,21.091,,,
2931,05/13/24 10:20:00 PM,21.091,,,
2932,05/13/24 10:30:00 PM,21.091,,,
2933,05/13/24 10:40:00 PM,21.091,,,
2934,05/13/24 10:50:00 PM,20.996,,,
2935,05/13/24 11:00:00 PM,20.901,,,
2936,05/13/24 11:10:00 PM,20.710,,,
2937,05/13/24 11:20:00 PM,20.710,,,
2938,05/13/24 11:30:00 PM,20.710,,,
2939,05/13/24 11:40:00 PM,20.519,,,
2940,05/13/24 11:50:00 PM,20.234,,,
2941,05/14/24 12:00:00 AM,19.758,,,
2942,05/14/24 12:10:00 AM,19.472,,,
2943,05/14/24 12:20:00 AM,19.187,,,
2944,05/14/24 12:30:00 AM,19.092,,,
2945,05/14/24 12:40:00 AM,19.092,,,
2946,05/14/24 12:50:00 AM,19.092,,,
2947,05/14/24 01:00:00 AM,19.282,,,
2948,05/14/24 01:10:00 AM,19.377,,,
2949,05/14/24 01:20:00 AM,19.377,,,
2950,05/14/24 01:30:00 AM,19.472,,,
2951,05/14/24 01:40:00 AM,19.472,,,
2952,05/14/24 01:50:00 AM,19.662,,,
2953,05/14/24 02:00:00 AM,19.853,,,
2954,05/14/24 02:10:00 AM,19.853,,,
2955,05/14/24 02:20:00 AM,20.138,,,
2956,05/14/24 02:30:00 AM,20.329,,,
2957,05/14/24 02:40:00 AM,20.329,,,
2958,05/14/24 02:50:00 AM,20.424,,,
2959,05/14/24 03:00:00 AM,20.519,,,
2960,05/14/24 03:10:00 AM,20.615,,,
2961,05/14/24 03:20:00 AM,20.615,,,
2962,05/14/24 03:30:00 AM,20.710,,,
2963,05/14/24 03:40:00 AM,20.710,,,
2964,05/14/24 03:50:00 AM,20.615,,,
2965,05/14/24 04:00:00 AM,20.710,,,
2966,05/14/24 04:10:00 AM,20.710,,,
2967,05/14/24 04:20:00 AM,20.710,,,
2968,05/14/24 04:30:00 AM,20.710,,,
2969,05/14/24 04:40:00 AM,20.615,,,
2970,05/14/24 04:50:00 AM,20.615,,,
2971,05/14/24 05:00:00 AM,20.615,,,
2972,05/14/24 05:10:00 AM,20.615,,,
2973,05/14/24 05:20:00 AM,20.615,,,
2974,05/14/24 05:30:00 AM,20.615,,,
2975,05/14/24 05:40:00 AM,20.519,,,
2976,05/14/24 05:50:00 AM,20.615,,,
2977,05/14/24 06:00:00 AM,20.615,,,
2978,05/14/24 06:10:00 AM,20.519,,,
2979,05/14/24 06:20:00 AM,20.519,,,
2980,05/14/24 06:30:00 AM,20.519,,,
2981,05/14/24 06:40:00 AM,20.519,,,
2982,05/14/24 06:50:00 AM,20.615,,,
2983,05/14/24 07:00:00 AM,20.615,,,
2984,05/14/24 07:10:00 AM,20.615,,,
2985,05/14/24 07:20:00 AM,20.710,,,
2986,05/14/24 07:30:00 AM,20.710,,,
2987,05/14/24 07:40:00 AM,20.710,,,
2988,05/14/24 07:50:00 AM,20.710,,,
2989,05/14/24 08:00:00 AM,20.710,,,
2990,05/14/24 08:10:00 AM,20.710,,,
2991,05/14/24 08:20:00 AM,20.710,,,
2992,05/14/24 08:30:00 AM,20.710,,,
2993,05/14/24 08:40:00 AM,20.615,,,
2994,05/14/24 08:50:00 AM,20.710,,,
2995,05/14/24 09:00:00 AM,20.710,,,
2996,05/14/24 09:10:00 AM,20.710,,,
2997,05/14/24 09:20:00 AM,20.710,,,
2998,05/14/24 09:30:00 AM,20.710,,,
2999,05/14/24 09:40:00 AM,20.710,,,
3000,05/14/24 09:50:00 AM,20.710,,,
3001,05/14/24 10:00:00 AM,20.710,,,
3002,05/14/24 10:10:00 AM,20.710,,,
3003,05/14/24 10:20:00 AM,20.710,,,
3004,05/14/24 10:30:00 AM,20.710,,,
3005,05/14/24 10:40:00 AM,20.710,,,
3006,05/14/24 10:50:00 AM,20.805,,,
3007,05/14/24 11:00:00 AM,20.805,,,
3008,05/14/24 11:10:00 AM,20.805,,,
3009,05/14/24 11:20:00 AM,20.805,,,
3010,05/14/24 11:30:00 AM,20.710,,,
3011,05/14/24 11:40:00 AM,20.710,,,
3012,05/14/24 11:50:00 AM,20.710,,,
3013,05/14/24 12:00:00 PM,20.710,,,
3014,05/14/24 12:10:00 PM,20.805,,,
3015,05/14/24 12:20:00 PM,20.710,,,
3016,05/14/24 12:30:00 PM,20.710,,,
3017,05/14/24 12:40:00 PM,20.710,,,
3018,05/14/24 12:50:00 PM,20.710,,,
3019,05/14/24 01:00:00 PM,20.710,,,
3020,05/14/24 01:10:00 PM,20.710,,,
3021,05/14/24 01:20:00 PM,20.710,,,
3022,05/14/24 01:30:00 PM,20.710,,,
3023,05/14/24 01:40:00 PM,20.710,,,
3024,05/14/24 01:50:00 PM,20.710,,,
3025,05/14/24 02:00:00 PM,20.710,,,
3026,05/14/24 02:10:00 PM,20.710,,,
3027,05/14/24 02:20:00 PM,20.710,,,
3028,05/14/24 02:30:00 PM,20.710,,,
3029,05/14/24 02:40:00 PM,20.710,,,
3030,05/14/24 02:50:00 PM,20.710,,,
3031,05/14/24 03:00:00 PM,20.710,,,
3032,05/14/24 03:10:00 PM,20.710,,,
3033,05/14/24 03:20:00 PM,20.710,,,
3034,05/14/24 03:30:00 PM,20.710,,,
3035,05/14/24 03:40:00 PM,20.710,,,
3036,05/14/24 03:50:00 PM,20.710,,,
3037,05/14/24 04:00:00 PM,20.710,,,
3038,05/14/24 04:10:00 PM,20.710,,,
3039,05/14/24 04:20:00 PM,20.710,,,
3040,05/14/24 04:30:00 PM,20.710,,,
3041,05/14/24 04:40:00 PM,20.710,,,
3042,05/14/24 04:50:00 PM,20.710,,,
3043,05/14/24 05:00:00 PM,20.710,,,
3044,05/14/24 05:10:00 PM,20.710,,,
3045,05/14/24 05:20:00 PM,20.710,,,
3046,05/14/24 05:30:00 PM,20.710,,,
3047,05/14/24 05:40:00 PM,20.710,,,
3048,05/14/24 05:50:00 PM,20.710,,,
3049,05/14/24 06:00:00 PM,20.710,,,
3050,05/14/24 06:10:00 PM,20.710,,,
3051,05/14/24 06:20:00 PM,20.710,,,
3052,05/14/24 06:30:00 PM,20.710,,,
3053,05/14/24 06:40:00 PM,20.710,,,
3054,05/14/24 06:50:00 PM,20.615,,,
3055,05/14/24 07:00:00 PM,20.710,,,
3056,05/14/24 07:10:00 PM,20.710,,,
3057,05/14/24 07:20:00 PM,20.710,,,
3058,05/14/24 07:30:00 PM,20.710,,,
3059,05/14/24 07:40:00 PM,20.615,,,
3060,05/14/24 07:50:00 PM,20.615,,,
3061,05/14/24 08:00:00 PM,20.615,,,
3062,05/14/24 08:10:00 PM,20.615,,,
3063,05/14/24 08:20:00 PM,20.615,,,
3064,05/14/24 08:30:00 PM,20.615,,,
3065,05/14/24 08:40:00 PM,20.615,,,
3066,05/14/24 08:50:00 PM,20.615,,,
3067,05/14/24 09:00:00 PM,20.519,,,
3068,05/14/24 09:10:00 PM,20.615,,,
3069,05/14/24 09:20:00 PM,20.615,,,
3070,05/14/24 09:30:00 PM,20.519,,,
3071,05/14/24 09:40:00 PM,20.519,,,
3072,05/14/24 09:50:00 PM,20.519,,,
3073,05/14/24 10:00:00 PM,20.519,,,
3074,05/14/24 10:10:00 PM,20.519,,,
3075,05/14/24 10:20:00 PM,20.519,,,
3076,05/14/24 10:30:00 PM,20.519,,,
3077,05/14/24 10:40:00 PM,20.519,,,
3078,05/14/24 10:50:00 PM,20.615,,,
3079,05/14/24 11:00:00 PM,20.615,,,
3080,05/14/24 11:10:00 PM,20.615,,,
3081,05/14/24 11:20:00 PM,20.519,,,
3082,05/14/24 11:30:00 PM,20.519,,,
3083,05/14/24 11:40:00 PM,20.519,,,
3084,05/14/24 11:50:00 PM,20.519,,,
3085,05/15/24 12:00:00 AM,20.519,,,
3086,05/15/24 12:10:00 AM,20.519,,,
3087,05/15/24 12:20:00 AM,20.519,,,
3088,05/15/24 12:30:00 AM,20.424,,,
3089,05/15/24 12:40:00 AM,20.424,,,
3090,05/15/24 12:50:00 AM,20.329,,,
3091,05/15/24 01:00:00 AM,20.329,,,
3092,05/15/24 01:10:00 AM,20.329,,,
3093,05/15/24 01:20:00 AM,20.329,,,
3094,05/15/24 01:30:00 AM,20.329,,,
3095,05/15/24 01:40:00 AM,20.424,,,
3096,05/15/24 01:50:00 AM,20.424,,,
3097,05/15/24 02:00:00 AM,20.424,,,
3098,05/15/24 02:10:00 AM,20.424,,,
3099,05/15/24 02:20:00 AM,20.424,,,
3100,05/15/24 02:30:00 AM,20.424,,,
3101,05/15/24 02:40:00 AM,20.424,,,
3102,05/15/24 02:50:00 AM,20.329,,,
3103,05/15/24 03:00:00 AM,20.329,,,
3104,05/15/24 03:10:00 AM,20.329,,,
3105,05/15/24 03:20:00 AM,20.329,,,
3106,05/15/24 03:30:00 AM,20.329,,,
3107,05/15/24 03:40:00 AM,20.329,,,
3108,05/15/24 03:50:00 AM,20.234,,,
3109,05/15/24 04:00:00 AM,20.329,,,
3110,05/15/24 04:10:00 AM,20.234,,,
3111,05/15/24 04:20:00 AM,20.234,,,
3112,05/15/24 04:30:00 AM,20.138,,,
3113,05/15/24 04:40:00 AM,20.138,,,
3114,05/15/24 04:50:00 AM,20.234,,,
3115,05/15/24 05:00:00 AM,20.234,,,
3116,05/15/24 05:10:00 AM,20.234,,,
3117,05/15/24 05:20:00 AM,20.234,,,
3118,05/15/24 05:30:00 AM,20.138,,,
3119,05/15/24 05:40:00 AM,20.043,,,
3120,05/15/24 05:50:00 AM,20.234,,,
3121,05/15/24 06:00:00 AM,20.234,,,
3122,05/15/24 06:10:00 AM,20.043,,,
3123,05/15/24 06:20:00 AM,20.043,,,
3124,05/15/24 06:30:00 AM,20.138,,,
3125,05/15/24 06:40:00 AM,20.138,,,
3126,05/15/24 06:50:00 AM,20.138,,,
3127,05/15/24 07:00:00 AM,20.138,,,
3128,05/15/24 07:10:00 AM,20.043,,,
3129,05/15/24 07:20:00 AM,20.138,,,
3130,05/15/24 07:30:00 AM,20.138,,,
3131,05/15/24 07:40:00 AM,20.138,,,
3132,05/15/24 07:50:00 AM,20.138,,,
3133,05/15/24 08:00:00 AM,20.138,,,
3134,05/15/24 08:10:00 AM,20.138,,,
3135,05/15/24 08:20:00 AM,20.138,,,
3136,05/15/24 08:30:00 AM,20.234,,,
3137,05/15/24 08:40:00 AM,20.138,,,
3138,05/15/24 08:50:00 AM,20.138,,,
3139,05/15/24 09:00:00 AM,20.138,,,
3140,05/15/24 09:10:00 AM,20.138,,,
3141,05/15/24 09:20:00 AM,20.234,,,
3142,05/15/24 09:30:00 AM,20.234,,,
3143,05/15/24 09:40:00 AM,20.234,,,
3144,05/15/24 09:50:00 AM,20.234,,,
3145,05/15/24 10:00:00 AM,20.234,,,
3146,05/15/24 10:10:00 AM,20.234,,,
3147,05/15/24 10:20:00 AM,20.234,,,
3148,05/15/24 10:30:00 AM,20.329,,,
3149,05/15/24 10:40:00 AM,20.424,,,
3150,05/15/24 10:50:00 AM,20.424,,,
3151,05/15/24 11:00:00 AM,20.519,,,
3152,05/15/24 11:10:00 AM,20.519,,,
3153,05/15/24 11:20:00 AM,20.519,,,
3154,05/15/24 11:30:00 AM,20.519,,,
3155,05/15/24 11:40:00 AM,20.519,,,
3156,05/15/24 11:50:00 AM,20.519,,,
3157,05/15/24 12:00:00 PM,20.615,,,
3158,05/15/24 12:10:00 PM,20.710,,,
3159,05/15/24 12:20:00 PM,20.710,,,
3160,05/15/24 12:30:00 PM,20.710,,,
3161,05/15/24 12:40:00 PM,20.710,,,
3162,05/15/24 12:50:00 PM,20.710,,,
3163,05/15/24 01:00:00 PM,20.901,,,
3164,05/15/24 01:10:00 PM,20.901,,,
3165,05/15/24 01:20:00 PM,20.901,,,
3166,05/15/24 01:30:00 PM,20.901,,,
3167,05/15/24 01:40:00 PM,20.901,,,
3168,05/15/24 01:50:00 PM,20.996,,,
3169,05/15/24 02:00:00 PM,20.996,,,
3170,05/15/24 02:10:00 PM,21.091,,,
3171,05/15/24 02:20:00 PM,21.091,,,
3172,05/15/24 02:30:00 PM,21.091,,,
3173,05/15/24 02:40:00 PM,21.091,,,
3174,05/15/24 02:50:00 PM,21.091,,,
3175,05/15/24 03:00:00 PM,21.091,,,
3176,05/15/24 03:10:00 PM,20.996,,,
3177,05/15/24 03:20:00 PM,21.091,,,
3178,05/15/24 03:30:00 PM,20.996,,,
3179,05/15/24 03:40:00 PM,21.091,,,
3180,05/15/24 03:50:00 PM,21.187,,,
3181,05/15/24 04:00:00 PM,21.187,,,
3182,05/15/24 04:10:00 PM,21.091,,,
3183,05/15/24 04:20:00 PM,20.996,,,
3184,05/15/24 04:30:00 PM,20.901,,,
3185,05/15/24 04:40:00 PM,20.996,,,
3186,05/15/24 04:50:00 PM,20.996,,,
3187,05/15/24 05:00:00 PM,20.901,,,
3188,05/15/24 05:10:00 PM,20.901,,,
3189,05/15/24 05:20:00 PM,20.901,,,
3190,05/15/24 05:30:00 PM,20.805,,,
3191,05/15/24 05:40:00 PM,20.805,,,
3192,05/15/24 05:50:00 PM,20.805,,,
3193,05/15/24 06:00:00 PM,20.805,,,
3194,05/15/24 06:10:00 PM,20.805,,,
3195,05/15/24 06:20:00 PM,20.710,,,
3196,05/15/24 06:30:00 PM,20.710,,,
3197,05/15/24 06:40:00 PM,20.805,,,
3198,05/15/24 06:50:00 PM,20.805,,,
3199,05/15/24 07:00:00 PM,20.805,,,
3200,05/15/24 07:10:00 PM,20.901,,,
3201,05/15/24 07:20:00 PM,20.901,,,
3202,05/15/24 07:30:00 PM,20.901,,,
3203,05/15/24 07:40:00 PM,20.996,,,
3204,05/15/24 07:50:00 PM,20.996,,,
3205,05/15/24 08:00:00 PM,21.091,,,
3206,05/15/24 08:10:00 PM,21.091,,,
3207,05/15/24 08:20:00 PM,21.187,,,
3208,05/15/24 08:30:00 PM,21.282,,,
3209,05/15/24 08:40:00 PM,21.282,,,
3210,05/15/24 08:50:00 PM,21.091,,,
3211,05/15/24 09:00:00 PM,21.091,,,
3212,05/15/24 09:10:00 PM,20.996,,,
3213,05/15/24 09:20:00 PM,20.901,,,
3214,05/15/24 09:30:00 PM,20.805,,,
3215,05/15/24 09:40:00 PM,20.805,,,
3216,05/15/24 09:50:00 PM,20.710,,,
3217,05/15/24 10:00:00 PM,20.710,,,
3218,05/15/24 10:10:00 PM,20.615,,,
3219,05/15/24 10:20:00 PM,20.615,,,
3220,05/15/24 10:30:00 PM,20.615,,,
3221,05/15/24 10:40:00 PM,20.615,,,
3222,05/15/24 10:50:00 PM,20.615,,,
3223,05/15/24 11:00:00 PM,20.615,,,
3224,05/15/24 11:10:00 PM,20.710,,,
3225,05/15/24 11:20:00 PM,20.615,,,
3226,05/15/24 11:30:00 PM,20.615,,,
3227,05/15/24 11:40:00 PM,20.615,,,
3228,05/15/24 11:50:00 PM,20.615,,,
3229,05/16/24 12:00:00 AM,20.710,,,
3230,05/16/24 12:10:00 AM,20.805,,,
3231,05/16/24 12:20:00 AM,20.805,,,
3232,05/16/24 12:30:00 AM,20.901,,,
3233,05/16/24 12:40:00 AM,20.901,,,
3234,05/16/24 12:50:00 AM,20.996,,,
3235,05/16/24 01:00:00 AM,21.091,,,
3236,05/16/24 01:10:00 AM,21.091,,,
3237,05/16/24 01:20:00 AM,21.187,,,
3238,05/16/24 01:30:00 AM,21.187,,,
3239,05/16/24 01:40:00 AM,21.091,,,
3240,05/16/24 01:50:00 AM,20.996,,,
3241,05/16/24 02:00:00 AM,20.805,,,
3242,05/16/24 02:10:00 AM,20.615,,,
3243,05/16/24 02:20:00 AM,20.710,,,
3244,05/16/24 02:30:00 AM,20.710,,,
3245,05/16/24 02:40:00 AM,20.805,,,
3246,05/16/24 02:50:00 AM,20.805,,,
3247,05/16/24 03:00:00 AM,20.805,,,
3248,05/16/24 03:10:00 AM,20.805,,,
3249,05/16/24 03:20:00 AM,20.805,,,
3250,05/16/24 03:30:00 AM,20.710,,,
3251,05/16/24 03:40:00 AM,20.710,,,
3252,05/16/24 03:50:00 AM,20.710,,,
3253,05/16/24 04:00:00 AM,20.710,,,
3254,05/16/24 04:10:00 AM,20.615,,,
3255,05/16/24 04:20:00 AM,20.615,,,
3256,05/16/24 04:30:00 AM,20.615,,,
3257,05/16/24 04:40:00 AM,20.615,,,
3258,05/16/24 04:50:00 AM,20.710,,,
3259,05/16/24 05:00:00 AM,20.615,,,
3260,05/16/24 05:10:00 AM,20.615,,,
3261,05/16/24 05:20:00 AM,20.615,,,
3262,05/16/24 05:30:00 AM,20.615,,,
3263,05/16/24 05:40:00 AM,20.615,,,
3264,05/16/24 05:50:00 AM,20.615,,,
3265,05/16/24 06:00:00 AM,20.615,,,
3266,05/16/24 06:10:00 AM,20.615,,,
3267,05/16/24 06:20:00 AM,20.615,,,
3268,05/16/24 06:30:00 AM,20.519,,,
3269,05/16/24 06:40:00 AM,20.519,,,
3270,05/16/24 06:50:00 AM,20.615,,,
3271,05/16/24 07:00:00 AM,20.615,,,
3272,05/16/24 07:10:00 AM,20.519,,,
3273,05/16/24 07:20:00 AM,20.615,,,
3274,05/16/24 07:30:00 AM,20.615,,,
3275,05/16/24 07:40:00 AM,20.615,,,
3276,05/16/24 07:50:00 AM,20.615,,,
3277,05/16/24 08:00:00 AM,20.615,,,
3278,05/16/24 08:10:00 AM,20.710,,,
3279,05/16/24 08:20:00 AM,20.710,,,
3280,05/16/24 08:30:00 AM,20.710,,,
3281,05/16/24 08:40:00 AM,20.710,,,
3282,05/16/24 08:50:00 AM,20.805,,,
3283,05/16/24 09:00:00 AM,20.710,,,
3284,05/16/24 09:10:00 AM,20.805,,,
3285,05/16/24 09:20:00 AM,20.805,,,
3286,05/16/24 09:30:00 AM,20.901,,,
3287,05/16/24 09:40:00 AM,20.901,,,
3288,05/16/24 09:50:00 AM,20.901,,,
3289,05/16/24 10:00:00 AM,20.805,,,
3290,05/16/24 10:10:00 AM,20.710,,,
3291,05/16/24 10:20:00 AM,20.901,,,
3292,05/16/24 10:30:00 AM,20.996,,,
3293,05/16/24 10:40:00 AM,20.996,,,
3294,05/16/24 10:50:00 AM,20.996,,,
3295,05/16/24 11:00:00 AM,21.091,,,
3296,05/16/24 11:10:00 AM,21.091,,,
3297,05/16/24 11:20:00 AM,21.282,,,
3298,05/16/24 11:30:00 AM,21.282,,,
3299,05/16/24 11:40:00 AM,21.378,,,
3300,05/16/24 11:50:00 AM,21.378,,,
3301,05/16/24 12:00:00 PM,21.473,,,
3302,05/16/24 12:10:00 PM,21.473,,,
3303,05/16/24 12:20:00 PM,21.473,,,
3304,05/16/24 12:30:00 PM,21.473,,,
3305,05/16/24 12:40:00 PM,21.473,,,
3306,05/16/24 12:50:00 PM,21.473,,,
3307,05/16/24 01:00:00 PM,21.855,,,
3308,05/16/24 01:10:00 PM,21.760,,,
3309,05/16/24 01:20:00 PM,21.951,,,
3310,05/16/24 01:30:00 PM,21.855,,,
3311,05/16/24 01:40:00 PM,22.046,,,
3312,05/16/24 01:50:00 PM,22.142,,,
3313,05/16/24 02:00:00 PM,22.238,,,
3314,05/16/24 02:10:00 PM,22.238,,,
3315,05/16/24 02:20:00 PM,22.046,,,
3316,05/16/24 02:30:00 PM,21.951,,,
3317,05/16/24 02:40:00 PM,21.760,,,
3318,05/16/24 02:50:00 PM,21.473,,,
3319,05/16/24 03:00:00 PM,21.282,,,
3320,05/16/24 03:10:00 PM,21.473,,,
3321,05/16/24 03:20:00 PM,21.664,,,
3322,05/16/24 03:30:00 PM,21.664,,,
3323,05/16/24 03:40:00 PM,21.378,,,
3324,05/16/24 03:50:00 PM,21.282,,,
3325,05/16/24 04:00:00 PM,21.187,,,
3326,05/16/24 04:10:00 PM,21.091,,,
3327,05/16/24 04:20:00 PM,21.091,,,
3328,05/16/24 04:30:00 PM,21.091,,,
3329,05/16/24 04:40:00 PM,20.996,,,
3330,05/16/24 04:50:00 PM,21.091,,,
3331,05/16/24 05:00:00 PM,21.187,,,
3332,05/16/24 05:10:00 PM,21.282,,,
3333,05/16/24 05:20:00 PM,21.378,,,
3334,05/16/24 05:30:00 PM,21.473,,,
3335,05/16/24 05:40:00 PM,21.473,,,
3336,05/16/24 05:50:00 PM,21.473,,,
3337,05/16/24 06:00:00 PM,21.664,,,
3338,05/16/24 06:10:00 PM,21.760,,,
3339,05/16/24 06:20:00 PM,21.855,,,
3340,05/16/24 06:30:00 PM,22.046,,,
3341,05/16/24 06:40:00 PM,21.951,,,
3342,05/16/24 06:50:00 PM,22.046,,,
3343,05/16/24 07:00:00 PM,22.142,,,
3344,05/16/24 07:10:00 PM,22.238,,,
3345,05/16/24 07:20:00 PM,22.333,,,
3346,05/16/24 07:30:00 PM,22.238,,,
3347,05/16/24 07:40:00 PM,22.238,,,
3348,05/16/24 07:50:00 PM,22.046,,,
3349,05/16/24 08:00:00 PM,21.569,,,
3350,05/16/24 08:10:00 PM,21.282,,,
3351,05/16/24 08:20:00 PM,20.996,,,
3352,05/16/24 08:30:00 PM,21.091,,,
3353,05/16/24 08:40:00 PM,21.187,,,
3354,05/16/24 08:50:00 PM,20.996,,,
3355,05/16/24 09:00:00 PM,20.996,,,
3356,05/16/24 09:10:00 PM,20.996,,,
3357,05/16/24 09:20:00 PM,20.996,,,
3358,05/16/24 09:30:00 PM,20.996,,,
3359,05/16/24 09:40:00 PM,20.996,,,
3360,05/16/24 09:50:00 PM,20.996,,,
3361,05/16/24 10:00:00 PM,20.996,,,
3362,05/16/24 10:10:00 PM,20.901,,,
3363,05/16/24 10:20:00 PM,20.901,,,
3364,05/16/24 10:30:00 PM,20.901,,,
3365,05/16/24 10:40:00 PM,20.901,,,
3366,05/16/24 10:50:00 PM,20.901,,,
3367,05/16/24 11:00:00 PM,20.901,,,
3368,05/16/24 11:10:00 PM,20.805,,,
3369,05/16/24 11:20:00 PM,20.901,,,
3370,05/16/24 11:30:00 PM,20.901,,,
3371,05/16/24 11:40:00 PM,20.996,,,
3372,05/16/24 11:50:00 PM,20.996,,,
3373,05/17/24 12:00:00 AM,20.996,,,
3374,05/17/24 12:10:00 AM,20.996,,,
3375,05/17/24 12:20:00 AM,21.091,,,
3376,05/17/24 12:30:00 AM,21.091,,,
3377,05/17/24 12:40:00 AM,21.091,,,
3378,05/17/24 12:50:00 AM,20.996,,,
3379,05/17/24 01:00:00 AM,21.091,,,
3380,05/17/24 01:10:00 AM,21.091,,,
3381,05/17/24 01:20:00 AM,21.187,,,
3382,05/17/24 01:30:00 AM,21.091,,,
3383,05/17/24 01:40:00 AM,21.187,,,
3384,05/17/24 01:50:00 AM,21.187,,,
3385,05/17/24 02:00:00 AM,21.091,,,
3386,05/17/24 02:10:00 AM,21.091,,,
3387,05/17/24 02:20:00 AM,21.187,,,
3388,05/17/24 02:30:00 AM,21.187,,,
3389,05/17/24 02:40:00 AM,21.282,,,
3390,05/17/24 02:50:00 AM,21.282,,,
3391,05/17/24 03:00:00 AM,21.282,,,
3392,05/17/24 03:10:00 AM,21.378,,,
3393,05/17/24 03:20:00 AM,21.378,,,
3394,05/17/24 03:30:00 AM,21.473,,,
3395,05/17/24 03:40:00 AM,21.473,,,
3396,05/17/24 03:50:00 AM,21.187,,,
3397,05/17/24 04:00:00 AM,21.282,,,
3398,05/17/24 04:10:00 AM,21.282,,,
3399,05/17/24 04:20:00 AM,21.091,,,
3400,05/17/24 04:30:00 AM,21.091,,,
3401,05/17/24 04:40:00 AM,21.187,,,
3402,05/17/24 04:50:00 AM,21.187,,,
3403,05/17/24 05:00:00 AM,21.091,,,
3404,05/17/24 05:10:00 AM,21.187,,,
3405,05/17/24 05:20:00 AM,21.187,,,
3406,05/17/24 05:30:00 AM,21.187,,,
3407,05/17/24 05:40:00 AM,21.282,,,
3408,05/17/24 05:50:00 AM,21.187,,,
3409,05/17/24 06:00:00 AM,21.187,,,
3410,05/17/24 06:10:00 AM,21.187,,,
3411,05/17/24 06:20:00 AM,21.187,,,
3412,05/17/24 06:30:00 AM,21.091,,,
3413,05/17/24 06:40:00 AM,20.996,,,
3414,05/17/24 06:50:00 AM,21.091,,,
3415,05/17/24 07:00:00 AM,21.091,,,
3416,05/17/24 07:10:00 AM,21.091,,,
3417,05/17/24 07:20:00 AM,20.996,,,
3418,05/17/24 07:30:00 AM,20.996,,,
3419,05/17/24 07:40:00 AM,20.996,,,
3420,05/17/24 07:50:00 AM,20.996,,,
3421,05/17/24 08:00:00 AM,21.091,,,
3422,05/17/24 08:10:00 AM,21.091,,,
3423,05/17/24 08:20:00 AM,21.091,,,
3424,05/17/24 08:30:00 AM,21.091,,,
3425,05/17/24 08:40:00 AM,21.091,,,
3426,05/17/24 08:50:00 AM,21.091,,,
3427,05/17/24 09:00:00 AM,21.091,,,
3428,05/17/24 09:10:00 AM,21.091,,,
3429,05/17/24 09:20:00 AM,21.091,,,
3430,05/17/24 09:30:00 AM,21.091,,,
3431,05/17/24 09:40:00 AM,21.091,,,
3432,05/17/24 09:50:00 AM,21.091,,,
3433,05/17/24 10:00:00 AM,21.091,,,
3434,05/17/24 10:10:00 AM,21.091,,,
3435,05/17/24 10:20:00 AM,21.187,,,
3436,05/17/24 10:30:00 AM,21.187,,,
3437,05/17/24 10:40:00 AM,21.187,,,
3438,05/17/24 10:50:00 AM,21.187,,,
3439,05/17/24 11:00:00 AM,21.187,,,
3440,05/17/24 11:10:00 AM,21.282,,,
3441,05/17/24 11:20:00 AM,21.282,,,
3442,05/17/24 11:30:00 AM,21.378,,,
3443,05/17/24 11:40:00 AM,21.378,,,
3444,05/17/24 11:50:00 AM,21.378,,,
3445,05/17/24 12:00:00 PM,21.378,,,
3446,05/17/24 12:10:00 PM,21.378,,,
3447,05/17/24 12:20:00 PM,21.473,,,
3448,05/17/24 12:30:00 PM,21.473,,,
3449,05/17/24 12:40:00 PM,21.473,,,
3450,05/17/24 12:50:00 PM,21.473,,,
3451,05/17/24 01:00:00 PM,21.473,,,
3452,05/17/24 01:10:00 PM,21.473,,,
3453,05/17/24 01:20:00 PM,21.473,,,
3454,05/17/24 01:30:00 PM,21.473,,,
3455,05/17/24 01:40:00 PM,21.569,,,
3456,05/17/24 01:50:00 PM,21.664,,,
3457,05/17/24 02:00:00 PM,21.664,,,
3458,05/17/24 02:10:00 PM,21.664,,,
3459,05/17/24 02:20:00 PM,21.664,,,
3460,05/17/24 02:30:00 PM,21.760,,,
3461,05/17/24 02:40:00 PM,21.760,,,
3462,05/17/24 02:50:00 PM,21.760,,,
3463,05/17/24 03:00:00 PM,21.855,,,
3464,05/17/24 03:10:00 PM,21.760,,,
3465,05/17/24 03:20:00 PM,21.760,,,
3466,05/17/24 03:30:00 PM,21.760,,,
3467,05/17/24 03:40:00 PM,21.664,,,
3468,05/17/24 03:50:00 PM,21.760,,,
3469,05/17/24 04:00:00 PM,21.760,,,
3470,05/17/24 04:10:00 PM,21.760,,,
3471,05/17/24 04:20:00 PM,21.855,,,
3472,05/17/24 04:30:00 PM,21.760,,,
3473,05/17/24 04:40:00 PM,21.855,,,
3474,05/17/24 04:50:00 PM,21.855,,,
3475,05/17/24 05:00:00 PM,21.855,,,
3476,05/17/24 05:10:00 PM,21.855,,,
3477,05/17/24 05:20:00 PM,21.855,,,
3478,05/17/24 05:30:00 PM,21.855,,,
3479,05/17/24 05:40:00 PM,21.951,,,
3480,05/17/24 05:50:00 PM,21.855,,,
3481,05/17/24 06:00:00 PM,21.855,,,
3482,05/17/24 06:10:00 PM,21.855,,,
3483,05/17/24 06:20:00 PM,21.855,,,
3484,05/17/24 06:30:00 PM,21.951,,,
3485,05/17/24 06:40:00 PM,21.951,,,
3486,05/17/24 06:50:00 PM,22.046,,,
3487,05/17/24 07:00:00 PM,22.046,,,
3488,05/17/24 07:10:00 PM,22.142,,,
3489,05/17/24 07:20:00 PM,22.046,,,
3490,05/17/24 07:30:00 PM,22.046,,,
3491,05/17/24 07:40:00 PM,22.046,,,
3492,05/17/24 07:50:00 PM,22.142,,,
3493,05/17/24 08:00:00 PM,22.142,,,
3494,05/17/24 08:10:00 PM,22.142,,,
3495,05/17/24 08:20:00 PM,22.142,,,
3496,05/17/24 08:30:00 PM,22.142,,,
3497,05/17/24 08:40:00 PM,22.046,,,
3498,05/17/24 08:50:00 PM,21.855,,,
3499,05/17/24 09:00:00 PM,21.664,,,
3500,05/17/24 09:10:00 PM,21.664,,,
3501,05/17/24 09:20:00 PM,21.664,,,
3502,05/17/24 09:30:00 PM,21.473,,,
3503,05/17/24 09:40:00 PM,21.473,,,
3504,05/17/24 09:50:00 PM,21.569,,,
3505,05/17/24 10:00:00 PM,21.664,,,
3506,05/17/24 10:10:00 PM,21.760,,,
3507,05/17/24 10:20:00 PM,21.855,,,
3508,05/17/24 10:30:00 PM,21.760,,,
3509,05/17/24 10:40:00 PM,21.760,,,
3510,05/17/24 10:50:00 PM,21.760,,,
3511,05/17/24 11:00:00 PM,21.760,,,
3512,05/17/24 11:10:00 PM,21.664,,,
3513,05/17/24 11:20:00 PM,21.664,,,
3514,05/17/24 11:30:00 PM,21.569,,,
3515,05/17/24 11:40:00 PM,21.282,,,
3516,05/17/24 11:50:00 PM,21.187,,,
3517,05/18/24 12:00:00 AM,21.091,,,
3518,05/18/24 12:10:00 AM,21.091,,,
3519,05/18/24 12:20:00 AM,20.996,,,
3520,05/18/24 12:30:00 AM,20.996,,,
3521,05/18/24 12:40:00 AM,20.996,,,
3522,05/18/24 12:50:00 AM,21.091,,,
3523,05/18/24 01:00:00 AM,20.996,,,
3524,05/18/24 01:10:00 AM,21.091,,,
3525,05/18/24 01:20:00 AM,21.091,,,
3526,05/18/24 01:30:00 AM,21.091,,,
3527,05/18/24 01:40:00 AM,21.091,,,
3528,05/18/24 01:50:00 AM,21.091,,,
3529,05/18/24 02:00:00 AM,21.091,,,
3530,05/18/24 02:10:00 AM,21.091,,,
3531,05/18/24 02:20:00 AM,21.091,,,
3532,05/18/24 02:30:00 AM,21.091,,,
3533,05/18/24 02:40:00 AM,21.187,,,
3534,05/18/24 02:50:00 AM,21.187,,,
3535,05/18/24 03:00:00 AM,21.187,,,
3536,05/18/24 03:10:00 AM,21.187,,,
3537,05/18/24 03:20:00 AM,21.187,,,
3538,05/18/24 03:30:00 AM,21.282,,,
3539,05/18/24 03:40:00 AM,21.282,,,
3540,05/18/24 03:50:00 AM,21.187,,,
3541,05/18/24 04:00:00 AM,21.091,,,
3542,05/18/24 04:10:00 AM,20.996,,,
3543,05/18/24 04:20:00 AM,21.091,,,
3544,05/18/24 04:30:00 AM,21.187,,,
3545,05/18/24 04:40:00 AM,21.187,,,
3546,05/18/24 04:50:00 AM,21.091,,,
3547,05/18/24 05:00:00 AM,20.996,,,
3548,05/18/24 05:10:00 AM,21.091,,,
3549,05/18/24 05:20:00 AM,21.091,,,
3550,05/18/24 05:30:00 AM,20.996,,,
3551,05/18/24 05:40:00 AM,20.805,,,
3552,05/18/24 05:50:00 AM,20.710,,,
3553,05/18/24 06:00:00 AM,20.710,,,
3554,05/18/24 06:10:00 AM,20.901,,,
3555,05/18/24 06:20:00 AM,20.901,,,
3556,05/18/24 06:30:00 AM,21.091,,,
3557,05/18/24 06:40:00 AM,21.091,,,
3558,05/18/24 06:50:00 AM,20.996,,,
3559,05/18/24 07:00:00 AM,21.091,,,
3560,05/18/24 07:10:00 AM,21.187,,,
3561,05/18/24 07:20:00 AM,21.091,,,
3562,05/18/24 07:30:00 AM,21.282,,,
3563,05/18/24 07:40:00 AM,21.282,,,
3564,05/18/24 07:50:00 AM,21.282,,,
3565,05/18/24 08:00:00 AM,21.378,,,
3566,05/18/24 08:10:00 AM,21.282,,,
3567,05/18/24 08:20:00 AM,21.282,,,
3568,05/18/24 08:30:00 AM,21.282,,,
3569,05/18/24 08:40:00 AM,21.187,,,
3570,05/18/24 08:50:00 AM,21.282,,,
3571,05/18/24 09:00:00 AM,21.282,,,
3572,05/18/24 09:10:00 AM,21.282,,,
3573,05/18/24 09:20:00 AM,21.282,,,
3574,05/18/24 09:30:00 AM,20.901,,,
3575,05/18/24 09:40:00 AM,21.091,,,
3576,05/18/24 09:50:00 AM,20.996,,,
3577,05/18/24 10:00:00 AM,20.901,,,
3578,05/18/24 10:10:00 AM,20.710,,,
3579,05/18/24 10:20:00 AM,20.519,,,
3580,05/18/24 10:30:00 AM,20.519,,,
3581,05/18/24 10:40:00 AM,20.710,,,
3582,05/18/24 10:50:00 AM,20.710,,,
3583,05/18/24 11:00:00 AM,20.710,,,
3584,05/18/24 11:10:00 AM,20.710,,,
3585,05/18/24 11:20:00 AM,20.710,,,
3586,05/18/24 11:30:00 AM,20.901,,,
3587,05/18/24 11:40:00 AM,20.901,,,
3588,05/18/24 11:50:00 AM,20.996,,,
3589,05/18/24 12:00:00 PM,21.282,,,
3590,05/18/24 12:10:00 PM,21.378,,,
3591,05/18/24 12:20:00 PM,21.282,,,
3592,05/18/24 12:30:00 PM,21.282,,,
3593,05/18/24 12:40:00 PM,21.569,,,
3594,05/18/24 12:50:00 PM,21.569,,,
3595,05/18/24 01:00:00 PM,21.473,,,
3596,05/18/24 01:10:00 PM,21.473,,,
3597,05/18/24 01:20:00 PM,21.282,,,
3598,05/18/24 01:30:00 PM,21.282,,,
3599,05/18/24 01:40:00 PM,21.378,,,
3600,05/18/24 01:50:00 PM,21.569,,,
3601,05/18/24 02:00:00 PM,21.664,,,
3602,05/18/24 02:10:00 PM,21.760,,,
3603,05/18/24 02:20:00 PM,21.664,,,
3604,05/18/24 02:30:00 PM,21.569,,,
3605,05/18/24 02:40:00 PM,21.664,,,
3606,05/18/24 02:50:00 PM,21.569,,,
3607,05/18/24 03:00:00 PM,21.473,,,
3608,05/18/24 03:10:00 PM,21.473,,,
3609,05/18/24 03:20:00 PM,21.473,,,
3610,05/18/24 03:30:00 PM,21.569,,,
3611,05/18/24 03:40:00 PM,21.473,,,
3612,05/18/24 03:50:00 PM,21.664,,,
3613,05/18/24 04:00:00 PM,21.473,,,
3614,05/18/24 04:10:00 PM,21.473,,,
3615,05/18/24 04:20:00 PM,21.664,,,
3616,05/18/24 04:30:00 PM,21.760,,,
3617,05/18/24 04:40:00 PM,21.760,,,
3618,05/18/24 04:50:00 PM,21.760,,,
3619,05/18/24 05:00:00 PM,21.760,,,
3620,05/18/24 05:10:00 PM,21.760,,,
3621,05/18/24 05:20:00 PM,21.760,,,
3622,05/18/24 05:30:00 PM,21.760,,,
3623,05/18/24 05:40:00 PM,21.760,,,
3624,05/18/24 05:50:00 PM,21.760,,,
3625,05/18/24 06:00:00 PM,21.664,,,
3626,05/18/24 06:10:00 PM,21.569,,,
3627,05/18/24 06:20:00 PM,21.378,,,
3628,05/18/24 06:30:00 PM,21.569,,,
3629,05/18/24 06:40:00 PM,21.569,,,
3630,05/18/24 06:50:00 PM,21.473,,,
3631,05/18/24 07:00:00 PM,21.664,,,
3632,05/18/24 07:10:00 PM,21.664,,,
3633,05/18/24 07:20:00 PM,21.569,,,
3634,05/18/24 07:30:00 PM,21.760,,,
3635,05/18/24 07:40:00 PM,21.760,,,
3636,05/18/24 07:50:00 PM,21.664,,,
3637,05/18/24 08:00:00 PM,21.569,,,
3638,05/18/24 08:10:00 PM,21.760,,,
3639,05/18/24 08:20:00 PM,21.569,,,
3640,05/18/24 08:30:00 PM,21.664,,,
3641,05/18/24 08:40:00 PM,21.664,,,
3642,05/18/24 08:50:00 PM,21.760,,,
3643,05/18/24 09:00:00 PM,21.664,,,
3644,05/18/24 09:10:00 PM,21.855,,,
3645,05/18/24 09:20:00 PM,21.855,,,
3646,05/18/24 09:30:00 PM,21.760,,,
3647,05/18/24 09:40:00 PM,21.855,,,
3648,05/18/24 09:50:00 PM,21.855,,,
3649,05/18/24 10:00:00 PM,21.760,,,
3650,05/18/24 10:10:00 PM,21.855,,,
3651,05/18/24 10:20:00 PM,21.855,,,
3652,05/18/24 10:30:00 PM,21.951,,,
3653,05/18/24 10:40:00 PM,21.855,,,
3654,05/18/24 10:50:00 PM,22.046,,,
3655,05/18/24 11:00:00 PM,21.855,,,
3656,05/18/24 11:10:00 PM,21.855,,,
3657,05/18/24 11:20:00 PM,21.951,,,
3658,05/18/24 11:30:00 PM,21.855,,,
3659,05/18/24 11:40:00 PM,21.855,,,
3660,05/18/24 11:50:00 PM,21.855,,,
3661,05/19/24 12:00:00 AM,21.664,,,
3662,05/19/24 12:10:00 AM,21.760,,,
3663,05/19/24 12:20:00 AM,21.760,,,
3664,05/19/24 12:30:00 AM,21.664,,,
3665,05/19/24 12:40:00 AM,21.760,,,
3666,05/19/24 12:50:00 AM,21.569,,,
3667,05/19/24 01:00:00 AM,21.569,,,
3668,05/19/24 01:10:00 AM,21.569,,,
3669,05/19/24 01:20:00 AM,21.473,,,
3670,05/19/24 01:30:00 AM,21.569,,,
3671,05/19/24 01:40:00 AM,21.760,,,
3672,05/19/24 01:50:00 AM,21.760,,,
3673,05/19/24 02:00:00 AM,21.760,,,
3674,05/19/24 02:10:00 AM,21.760,,,
3675,05/19/24 02:20:00 AM,21.760,,,
3676,05/19/24 02:30:00 AM,21.091,,,
3677,05/19/24 02:40:00 AM,21.378,,,
3678,05/19/24 02:50:00 AM,21.473,,,
3679,05/19/24 03:00:00 AM,21.473,,,
3680,05/19/24 03:10:00 AM,21.282,,,
3681,05/19/24 03:20:00 AM,20.996,,,
3682,05/19/24 03:30:00 AM,21.282,,,
3683,05/19/24 03:40:00 AM,21.282,,,
3684,05/19/24 03:50:00 AM,21.282,,,
3685,05/19/24 04:00:00 AM,21.378,,,
3686,05/19/24 04:10:00 AM,21.473,,,
3687,05/19/24 04:20:00 AM,21.378,,,
3688,05/19/24 04:30:00 AM,21.378,,,
3689,05/19/24 04:40:00 AM,21.473,,,
3690,05/19/24 04:50:00 AM,21.473,,,
3691,05/19/24 05:00:00 AM,21.664,,,
3692,05/19/24 05:10:00 AM,21.664,,,
3693,05/19/24 05:20:00 AM,21.569,,,
3694,05/19/24 05:30:00 AM,20.901,,,
3695,05/19/24 05:40:00 AM,21.282,,,
3696,05/19/24 05:50:00 AM,21.282,,,
3697,05/19/24 06:00:00 AM,21.091,,,
3698,05/19/24 06:10:00 AM,20.996,,,
3699,05/19/24 06:20:00 AM,20.996,,,
3700,05/19/24 06:30:00 AM,20.710,,,
3701,05/19/24 06:40:00 AM,20.710,,,
3702,05/19/24 06:50:00 AM,20.710,,,
3703,05/19/24 07:00:00 AM,20.710,,,
3704,05/19/24 07:10:00 AM,20.519,,,
3705,05/19/24 07:20:00 AM,20.615,,,
3706,05/19/24 07:30:00 AM,20.615,,,
3707,05/19/24 07:40:00 AM,20.615,,,
3708,05/19/24 07:50:00 AM,20.710,,,
3709,05/19/24 08:00:00 AM,20.710,,,
3710,05/19/24 08:10:00 AM,20.710,,,
3711,05/19/24 08:20:00 AM,20.710,,,
3712,05/19/24 08:30:00 AM,20.710,,,
3713,05/19/24 08:40:00 AM,20.805,,,
3714,05/19/24 08:50:00 AM,20.710,,,
3715,05/19/24 09:00:00 AM,20.805,,,
3716,05/19/24 09:10:00 AM,20.805,,,
3717,05/19/24 09:20:00 AM,20.996,,,
3718,05/19/24 09:30:00 AM,20.901,,,
3719,05/19/24 09:40:00 AM,20.901,,,
3720,05/19/24 09:50:00 AM,20.901,,,
3721,05/19/24 10:00:00 AM,20.901,,,
3722,05/19/24 10:10:00 AM,20.901,,,
3723,05/19/24 10:20:00 AM,20.901,,,
3724,05/19/24 10:30:00 AM,20.901,,,
3725,05/19/24 10:40:00 AM,20.901,,,
3726,05/19/24 10:50:00 AM,20.805,,,
3727,05/19/24 11:00:00 AM,20.805,,,
3728,05/19/24 11:10:00 AM,20.710,,,
3729,05/19/24 11:20:00 AM,20.901,,,
3730,05/19/24 11:30:00 AM,21.091,,,
3731,05/19/24 11:40:00 AM,20.996,,,
3732,05/19/24 11:50:00 AM,21.187,,,
3733,05/19/24 12:00:00 PM,21.091,,,
3734,05/19/24 12:10:00 PM,21.091,,,
3735,05/19/24 12:20:00 PM,21.091,,,
3736,05/19/24 12:30:00 PM,21.091,,,
3737,05/19/24 12:40:00 PM,21.091,,,
3738,05/19/24 12:50:00 PM,21.091,,,
3739,05/19/24 01:00:00 PM,21.091,,,
3740,05/19/24 01:10:00 PM,21.187,,,
3741,05/19/24 01:20:00 PM,21.282,,,
3742,05/19/24 01:30:00 PM,21.473,,,
3743,05/19/24 01:40:00 PM,21.473,,,
3744,05/19/24 01:50:00 PM,21.473,,,
3745,05/19/24 02:00:00 PM,21.473,,,
3746,05/19/24 02:10:00 PM,21.569,,,
3747,05/19/24 02:20:00 PM,21.569,,,
3748,05/19/24 02:30:00 PM,21.473,,,
3749,05/19/24 02:40:00 PM,21.473,,,
3750,05/19/24 02:50:00 PM,21.473,,,
3751,05/19/24 03:00:00 PM,21.378,,,
3752,05/19/24 03:10:00 PM,21.473,,,
3753,05/19/24 03:20:00 PM,21.473,,,
3754,05/19/24 03:30:00 PM,21.473,,,
3755,05/19/24 03:40:00 PM,21.569,,,
3756,05/19/24 03:50:00 PM,21.378,,,
3757,05/19/24 04:00:00 PM,21.282,,,
3758,05/19/24 04:10:00 PM,21.378,,,
3759,05/19/24 04:20:00 PM,21.282,,,
3760,05/19/24 04:30:00 PM,21.473,,,
3761,05/19/24 04:40:00 PM,21.473,,,
3762,05/19/24 04:50:00 PM,21.473,,,
3763,05/19/24 05:00:00 PM,21.664,,,
3764,05/19/24 05:10:00 PM,21.760,,,
3765,05/19/24 05:20:00 PM,21.760,,,
3766,05/19/24 05:30:00 PM,21.855,,,
3767,05/19/24 05:40:00 PM,21.855,,,
3768,05/19/24 05:50:00 PM,21.855,,,
3769,05/19/24 06:00:00 PM,21.855,,,
3770,05/19/24 06:10:00 PM,21.664,,,
3771,05/19/24 06:20:00 PM,21.855,,,
3772,05/19/24 06:30:00 PM,21.664,,,
3773,05/19/24 06:40:00 PM,21.855,,,
3774,05/19/24 06:50:00 PM,21.855,,,
3775,05/19/24 07:00:00 PM,21.855,,,
3776,05/19/24 07:10:00 PM,21.951,,,
3777,05/19/24 07:20:00 PM,21.855,,,
3778,05/19/24 07:30:00 PM,21.760,,,
3779,05/19/24 07:40:00 PM,21.760,,,
3780,05/19/24 07:50:00 PM,21.664,,,
3781,05/19/24 08:00:00 PM,21.664,,,
3782,05/19/24 08:10:00 PM,21.664,,,
3783,05/19/24 08:20:00 PM,21.664,,,
3784,05/19/24 08:30:00 PM,21.664,,,
3785,05/19/24 08:40:00 PM,21.569,,,
3786,05/19/24 08:50:00 PM,21.569,,,
3787,05/19/24 09:00:00 PM,21.569,,,
3788,05/19/24 09:10:00 PM,21.473,,,
3789,05/19/24 09:20:00 PM,21.664,,,
3790,05/19/24 09:30:00 PM,21.664,,,
3791,05/19/24 09:40:00 PM,21.664,,,
3792,05/19/24 09:50:00 PM,21.569,,,
3793,05/19/24 10:00:00 PM,21.473,,,
3794,05/19/24 10:10:00 PM,21.378,,,
3795,05/19/24 10:20:00 PM,21.378,,,
3796,05/19/24 10:30:00 PM,21.282,,,
3797,05/19/24 10:40:00 PM,21.282,,,
3798,05/19/24 10:50:00 PM,21.378,,,
3799,05/19/24 11:00:00 PM,21.473,,,
3800,05/19/24 11:10:00 PM,21.378,,,
3801,05/19/24 11:20:00 PM,21.473,,,
3802,05/19/24 11:30:00 PM,21.378,,,
3803,05/19/24 11:40:00 PM,21.378,,,
3804,05/19/24 11:50:00 PM,21.378,,,
3805,05/20/24 12:00:00 AM,21.378,,,
3806,05/20/24 12:10:00 AM,21.282,,,
3807,05/20/24 12:20:00 AM,21.282,,,
3808,05/20/24 12:30:00 AM,21.187,,,
3809,05/20/24 12:40:00 AM,21.187,,,
3810,05/20/24 12:50:00 AM,21.187,,,
3811,05/20/24 01:00:00 AM,21.187,,,
3812,05/20/24 01:10:00 AM,21.187,,,
3813,05/20/24 01:20:00 AM,21.091,,,
3814,05/20/24 01:30:00 AM,21.091,,,
3815,05/20/24 01:40:00 AM,21.091,,,
3816,05/20/24 01:50:00 AM,21.091,,,
3817,05/20/24 02:00:00 AM,21.091,,,
3818,05/20/24 02:10:00 AM,21.091,,,
3819,05/20/24 02:20:00 AM,21.091,,,
3820,05/20/24 02:30:00 AM,21.091,,,
3821,05/20/24 02:40:00 AM,21.091,,,
3822,05/20/24 02:50:00 AM,21.091,,,
3823,05/20/24 03:00:00 AM,21.187,,,
3824,05/20/24 03:10:00 AM,21.187,,,
3825,05/20/24 03:20:00 AM,21.091,,,
3826,05/20/24 03:30:00 AM,21.091,,,
3827,05/20/24 03:40:00 AM,20.996,,,
3828,05/20/24 03:50:00 AM,21.091,,,
3829,05/20/24 04:00:00 AM,21.091,,,
3830,05/20/24 04:10:00 AM,21.187,,,
3831,05/20/24 04:20:00 AM,21.187,,,
3832,05/20/24 04:30:00 AM,21.187,,,
3833,05/20/24 04:40:00 AM,21.091,,,
3834,05/20/24 04:50:00 AM,21.091,,,
3835,05/20/24 05:00:00 AM,21.187,,,
3836,05/20/24 05:10:00 AM,21.282,,,
3837,05/20/24 05:20:00 AM,21.282,,,
3838,05/20/24 05:30:00 AM,21.282,,,
3839,05/20/24 05:40:00 AM,21.282,,,
3840,05/20/24 05:50:00 AM,21.282,,,
3841,05/20/24 06:00:00 AM,21.282,,,
3842,05/20/24 06:10:00 AM,21.091,,,
3843,05/20/24 06:20:00 AM,21.282,,,
3844,05/20/24 06:30:00 AM,21.187,,,
3845,05/20/24 06:40:00 AM,21.187,,,
3846,05/20/24 06:50:00 AM,21.091,,,
3847,05/20/24 07:00:00 AM,21.091,,,
3848,05/20/24 07:10:00 AM,21.187,,,
3849,05/20/24 07:20:00 AM,21.282,,,
3850,05/20/24 07:30:00 AM,21.187,,,
3851,05/20/24 07:40:00 AM,21.187,,,
3852,05/20/24 07:50:00 AM,21.187,,,
3853,05/20/24 08:00:00 AM,21.282,,,
3854,05/20/24 08:10:00 AM,21.187,,,
3855,05/20/24 08:20:00 AM,21.187,,,
3856,05/20/24 08:30:00 AM,21.187,,,
3857,05/20/24 08:40:00 AM,21.282,,,
3858,05/20/24 08:50:00 AM,21.187,,,
3859,05/20/24 09:00:00 AM,21.282,,,
3860,05/20/24 09:10:00 AM,21.378,,,
3861,05/20/24 09:20:00 AM,21.187,,,
3862,05/20/24 09:30:00 AM,21.473,,,
3863,05/20/24 09:40:00 AM,21.378,,,
3864,05/20/24 09:50:00 AM,21.282,,,
3865,05/20/24 10:00:00 AM,21.473,,,
3866,05/20/24 10:10:00 AM,21.378,,,
3867,05/20/24 10:20:00 AM,21.664,,,
3868,05/20/24 10:30:00 AM,21.855,,,
3869,05/20/24 10:40:00 AM,21.855,,,
3870,05/20/24 10:50:00 AM,21.855,,,
3871,05/20/24 11:00:00 AM,21.855,,,
3872,05/20/24 11:10:00 AM,21.951,,,
3873,05/20/24 11:20:00 AM,22.046,,,
3874,05/20/24 11:30:00 AM,22.238,,,
3875,05/20/24 11:40:00 AM,22.238,,,
3876,05/20/24 11:50:00 AM,22.429,,,
3877,05/20/24 12:00:00 PM,22.525,,,
3878,05/20/24 12:10:00 PM,22.525,,,
3879,05/20/24 12:20:00 PM,22.525,,,
3880,05/20/24 12:30:00 PM,22.525,,,
3881,05/20/24 12:40:00 PM,22.812,,,
3882,05/20/24 12:50:00 PM,23.004,,,
3883,05/20/24 01:00:00 PM,23.004,,,
3884,05/20/24 01:10:00 PM,23.100,,,
3885,05/20/24 01:20:00 PM,23.100,,,
3886,05/20/24 01:30:00 PM,23.004,,,
3887,05/20/24 01:40:00 PM,23.292,,,
3888,05/20/24 01:50:00 PM,23.292,,,
3889,05/20/24 02:00:00 PM,23.004,,,
3890,05/20/24 02:10:00 PM,23.292,,,
3891,05/20/24 02:20:00 PM,23.388,,,
3892,05/20/24 02:30:00 PM,23.677,,,
3893,05/20/24 02:40:00 PM,23.677,,,
3894,05/20/24 02:50:00 PM,23.773,,,
3895,05/20/24 03:00:00 PM,24.158,,,
3896,05/20/24 03:10:00 PM,24.158,,,
3897,05/20/24 03:20:00 PM,24.351,,,
3898,05/20/24 03:30:00 PM,24.351,,,
3899,05/20/24 03:40:00 PM,24.158,,,
3900,05/20/24 03:50:00 PM,24.158,,,
3901,05/20/24 04:00:00 PM,24.448,,,
3902,05/20/24 04:10:00 PM,24.545,,,
3903,05/20/24 04:20:00 PM,24.738,,,
3904,05/20/24 04:30:00 PM,24.738,,,
3905,05/20/24 04:40:00 PM,24.835,,,
3906,05/20/24 04:50:00 PM,24.351,,,
3907,05/20/24 05:00:00 PM,24.738,,,
3908,05/20/24 05:10:00 PM,24.835,,,
3909,05/20/24 05:20:00 PM,24.835,,,
3910,05/20/24 05:30:00 PM,24.931,,,
3911,05/20/24 05:40:00 PM,24.931,,,
3912,05/20/24 05:50:00 PM,23.869,,,
3913,05/20/24 06:00:00 PM,23.581,,,
3914,05/20/24 06:10:00 PM,23.388,,,
3915,05/20/24 06:20:00 PM,23.388,,,
3916,05/20/24 06:30:00 PM,23.677,,,
3917,05/20/24 06:40:00 PM,23.966,,,
3918,05/20/24 06:50:00 PM,24.158,,,
3919,05/20/24 07:00:00 PM,24.448,,,
3920,05/20/24 07:10:00 PM,24.158,,,
3921,05/20/24 07:20:00 PM,24.158,,,
3922,05/20/24 07:30:00 PM,23.677,,,
3923,05/20/24 07:40:00 PM,23.388,,,
3924,05/20/24 07:50:00 PM,22.908,,,
3925,05/20/24 08:00:00 PM,22.717,,,
3926,05/20/24 08:10:00 PM,22.621,,,
3927,05/20/24 08:20:00 PM,22.621,,,
3928,05/20/24 08:30:00 PM,22.717,,,
3929,05/20/24 08:40:00 PM,22.908,,,
3930,05/20/24 08:50:00 PM,23.004,,,
3931,05/20/24 09:00:00 PM,22.812,,,
3932,05/20/24 09:10:00 PM,22.812,,,
3933,05/20/24 09:20:00 PM,22.812,,,
3934,05/20/24 09:30:00 PM,22.908,,,
3935,05/20/24 09:40:00 PM,23.004,,,
3936,05/20/24 09:50:00 PM,22.908,,,
3937,05/20/24 10:00:00 PM,22.908,,,
3938,05/20/24 10:10:00 PM,22.812,,,
3939,05/20/24 10:20:00 PM,22.812,,,
3940,05/20/24 10:30:00 PM,22.812,,,
3941,05/20/24 10:40:00 PM,22.717,,,
3942,05/20/24 10:50:00 PM,22.621,,,
3943,05/20/24 11:00:00 PM,22.621,,,
3944,05/20/24 11:10:00 PM,22.621,,,
3945,05/20/24 11:20:00 PM,22.333,,,
3946,05/20/24 11:30:00 PM,22.238,,,
3947,05/20/24 11:40:00 PM,22.142,,,
3948,05/20/24 11:50:00 PM,21.855,,,
3949,05/21/24 12:00:00 AM,21.760,,,
3950,05/21/24 12:10:00 AM,21.664,,,
3951,05/21/24 12:20:00 AM,21.664,,,
3952,05/21/24 12:30:00 AM,21.664,,,
3953,05/21/24 12:40:00 AM,21.664,,,
3954,05/21/24 12:50:00 AM,21.664,,,
3955,05/21/24 01:00:00 AM,21.760,,,
3956,05/21/24 01:10:00 AM,21.760,,,
3957,05/21/24 01:20:00 AM,21.760,,,
3958,05/21/24 01:30:00 AM,21.760,,,
3959,05/21/24 01:40:00 AM,21.760,,,
3960,05/21/24 01:50:00 AM,21.855,,,
3961,05/21/24 02:00:00 AM,21.760,,,
3962,05/21/24 02:10:00 AM,21.760,,,
3963,05/21/24 02:20:00 AM,21.855,,,
3964,05/21/24 02:30:00 AM,21.855,,,
3965,05/21/24 02:40:00 AM,21.855,,,
3966,05/21/24 02:50:00 AM,21.951,,,
3967,05/21/24 03:00:00 AM,21.951,,,
3968,05/21/24 03:10:00 AM,22.046,,,
3969,05/21/24 03:20:00 AM,22.046,,,
3970,05/21/24 03:30:00 AM,22.046,,,
3971,05/21/24 03:40:00 AM,22.142,,,
3972,05/21/24 03:50:00 AM,22.142,,,
3973,05/21/24 04:00:00 AM,22.142,,,
3974,05/21/24 04:10:00 AM,22.142,,,
3975,05/21/24 04:20:00 AM,22.238,,,
3976,05/21/24 04:30:00 AM,22.238,,,
3977,05/21/24 04:40:00 AM,22.238,,,
3978,05/21/24 04:50:00 AM,22.238,,,
3979,05/21/24 05:00:00 AM,22.238,,,
3980,05/21/24 05:10:00 AM,22.333,,,
3981,05/21/24 05:20:00 AM,22.333,,,
3982,05/21/24 05:30:00 AM,22.238,,,
3983,05/21/24 05:40:00 AM,22.333,,,
3984,05/21/24 05:50:00 AM,22.238,,,
3985,05/21/24 06:00:00 AM,22.238,,,
3986,05/21/24 06:10:00 AM,22.238,,,
3987,05/21/24 06:20:00 AM,22.238,,,
3988,05/21/24 06:30:00 AM,22.238,,,
3989,05/21/24 06:40:00 AM,22.238,,,
3990,05/21/24 06:50:00 AM,22.333,,,
3991,05/21/24 07:00:00 AM,22.333,,,
3992,05/21/24 07:10:00 AM,22.333,,,
3993,05/21/24 07:20:00 AM,22.429,,,
3994,05/21/24 07:30:00 AM,22.429,,,
3995,05/21/24 07:40:00 AM,22.429,,,
3996,05/21/24 07:50:00 AM,22.429,,,
3997,05/21/24 08:00:00 AM,22.429,,,
3998,05/21/24 08:10:00 AM,22.429,,,
3999,05/21/24 08:20:00 AM,22.525,,,
4000,05/21/24 08:30:00 AM,22.333,,,
4001,05/21/24 08:40:00 AM,22.429,,,
4002,05/21/24 08:50:00 AM,22.525,,,
4003,05/21/24 09:00:00 AM,22.525,,,
4004,05/21/24 09:10:00 AM,22.525,,,
4005,05/21/24 09:20:00 AM,22.525,,,
4006,05/21/24 09:30:00 AM,22.525,,,
4007,05/21/24 09:40:00 AM,22.621,,,
4008,05/21/24 09:50:00 AM,22.621,,,
4009,05/21/24 10:00:00 AM,22.525,,,
4010,05/21/24 10:10:00 AM,22.717,,,
4011,05/21/24 10:20:00 AM,22.812,,,
4012,05/21/24 10:30:00 AM,22.812,,,
4013,05/21/24 10:40:00 AM,22.812,,,
4014,05/21/24 10:50:00 AM,22.812,,,
4015,05/21/24 11:00:00 AM,22.717,,,
4016,05/21/24 11:10:00 AM,22.717,,,
4017,05/21/24 11:20:00 AM,22.812,,,
4018,05/21/24 11:30:00 AM,22.717,,,
4019,05/21/24 11:40:00 AM,22.812,,,
4020,05/21/24 11:50:00 AM,22.908,,,
4021,05/21/24 12:00:00 PM,23.100,,,
4022,05/21/24 12:10:00 PM,23.100,,,
4023,05/21/24 12:20:00 PM,23.100,,,
4024,05/21/24 12:30:00 PM,23.004,,,
4025,05/21/24 12:40:00 PM,23.100,,,
4026,05/21/24 12:50:00 PM,23.004,,,
4027,05/21/24 01:00:00 PM,23.004,,,
4028,05/21/24 01:10:00 PM,23.004,,,
4029,05/21/24 01:20:00 PM,23.100,,,
4030,05/21/24 01:30:00 PM,23.004,,,
4031,05/21/24 01:40:00 PM,23.100,,,
4032,05/21/24 01:50:00 PM,23.100,,,
4033,05/21/24 02:00:00 PM,23.196,,,
4034,05/21/24 02:10:00 PM,23.100,,,
4035,05/21/24 02:20:00 PM,23.196,,,
4036,05/21/24 02:30:00 PM,23.292,,,
4037,05/21/24 02:40:00 PM,23.388,,,
4038,05/21/24 02:50:00 PM,23.292,,,
4039,05/21/24 03:00:00 PM,23.388,,,
4040,05/21/24 03:10:00 PM,23.196,,,
4041,05/21/24 03:20:00 PM,23.388,,,
4042,05/21/24 03:30:00 PM,23.292,,,
4043,05/21/24 03:40:00 PM,23.484,,,
4044,05/21/24 03:50:00 PM,23.388,,,
4045,05/21/24 04:00:00 PM,23.484,,,
4046,05/21/24 04:10:00 PM,23.292,,,
4047,05/21/24 04:20:00 PM,23.581,,,
4048,05/21/24 04:30:00 PM,23.677,,,
4049,05/21/24 04:40:00 PM,23.869,,,
4050,05/21/24 04:50:00 PM,23.966,,,
4051,05/21/24 05:00:00 PM,23.966,,,
4052,05/21/24 05:10:00 PM,23.966,,,
4053,05/21/24 05:20:00 PM,23.773,,,
4054,05/21/24 05:30:00 PM,23.773,,,
4055,05/21/24 05:40:00 PM,23.773,,,
4056,05/21/24 05:50:00 PM,23.773,,,
4057,05/21/24 06:00:00 PM,23.773,,,
4058,05/21/24 06:10:00 PM,23.869,,,
4059,05/21/24 06:20:00 PM,23.966,,,
4060,05/21/24 06:30:00 PM,24.062,,,
4061,05/21/24 06:40:00 PM,24.062,,,
4062,05/21/24 06:50:00 PM,24.158,,,
4063,05/21/24 07:00:00 PM,24.158,,,
4064,05/21/24 07:10:00 PM,24.062,,,
4065,05/21/24 07:20:00 PM,23.966,,,
4066,05/21/24 07:30:00 PM,23.869,,,
4067,05/21/24 07:40:00 PM,23.869,,,
4068,05/21/24 07:50:00 PM,23.773,,,
4069,05/21/24 08:00:00 PM,23.677,,,
4070,05/21/24 08:10:00 PM,23.581,,,
4071,05/21/24 08:20:00 PM,23.581,,,
4072,05/21/24 08:30:00 PM,23.388,,,
4073,05/21/24 08:40:00 PM,23.004,,,
4074,05/21/24 08:50:00 PM,23.100,,,
4075,05/21/24 09:00:00 PM,23.004,,,
4076,05/21/24 09:10:00 PM,22.812,,,
4077,05/21/24 09:20:00 PM,22.717,,,
4078,05/21/24 09:30:00 PM,22.621,,,
4079,05/21/24 09:40:00 PM,22.525,,,
4080,05/21/24 09:50:00 PM,22.429,,,
4081,05/21/24 10:00:00 PM,22.429,,,
4082,05/21/24 10:10:00 PM,22.525,,,
4083,05/21/24 10:20:00 PM,22.621,,,
4084,05/21/24 10:30:00 PM,22.717,,,
4085,05/21/24 10:40:00 PM,22.621,,,
4086,05/21/24 10:50:00 PM,22.621,,,
4087,05/21/24 11:00:00 PM,22.717,,,
4088,05/21/24 11:10:00 PM,22.717,,,
4089,05/21/24 11:20:00 PM,22.621,,,
4090,05/21/24 11:30:00 PM,22.621,,,
4091,05/21/24 11:40:00 PM,22.429,,,
4092,05/21/24 11:50:00 PM,22.238,,,
4093,05/22/24 12:00:00 AM,22.046,,,
4094,05/22/24 12:10:00 AM,22.046,,,
4095,05/22/24 12:20:00 AM,21.951,,,
4096,05/22/24 12:30:00 AM,21.760,,,
4097,05/22/24 12:40:00 AM,21.664,,,
4098,05/22/24 12:50:00 AM,21.569,,,
4099,05/22/24 01:00:00 AM,21.760,,,
4100,05/22/24 01:10:00 AM,21.760,,,
4101,05/22/24 01:20:00 AM,22.046,,,
4102,05/22/24 01:30:00 AM,21.855,,,
4103,05/22/24 01:40:00 AM,21.760,,,
4104,05/22/24 01:50:00 AM,21.664,,,
4105,05/22/24 02:00:00 AM,21.664,,,
4106,05/22/24 02:10:00 AM,21.569,,,
4107,05/22/24 02:20:00 AM,21.473,,,
4108,05/22/24 02:30:00 AM,21.473,,,
4109,05/22/24 02:40:00 AM,21.760,,,
4110,05/22/24 02:50:00 AM,21.760,,,
4111,05/22/24 03:00:00 AM,21.760,,,
4112,05/22/24 03:10:00 AM,21.855,,,
4113,05/22/24 03:20:00 AM,21.855,,,
4114,05/22/24 03:30:00 AM,21.855,,,
4115,05/22/24 03:40:00 AM,21.951,,,
4116,05/22/24 03:50:00 AM,21.951,,,
4117,05/22/24 04:00:00 AM,21.951,,,
4118,05/22/24 04:10:00 AM,22.046,,,
4119,05/22/24 04:20:00 AM,21.951,,,
4120,05/22/24 04:30:00 AM,21.951,,,
4121,05/22/24 04:40:00 AM,21.951,,,
4122,05/22/24 04:50:00 AM,21.951,,,
4123,05/22/24 05:00:00 AM,21.951,,,
4124,05/22/24 05:10:00 AM,21.951,,,
4125,05/22/24 05:20:00 AM,21.951,,,
4126,05/22/24 05:30:00 AM,21.951,,,
4127,05/22/24 05:40:00 AM,21.855,,,
4128,05/22/24 05:50:00 AM,21.951,,,
4129,05/22/24 06:00:00 AM,22.046,,,
4130,05/22/24 06:10:00 AM,22.046,,,
4131,05/22/24 06:20:00 AM,22.046,,,
4132,05/22/24 06:30:00 AM,22.046,,,
4133,05/22/24 06:40:00 AM,22.046,,,
4134,05/22/24 06:50:00 AM,22.046,,,
4135,05/22/24 07:00:00 AM,22.142,,,
4136,05/22/24 07:10:00 AM,22.046,,,
4137,05/22/24 07:20:00 AM,22.142,,,
4138,05/22/24 07:30:00 AM,22.142,,,
4139,05/22/24 07:40:00 AM,22.046,,,
4140,05/22/24 07:50:00 AM,22.046,,,
4141,05/22/24 08:00:00 AM,22.046,,,
4142,05/22/24 08:10:00 AM,22.046,,,
4143,05/22/24 08:20:00 AM,22.142,,,
4144,05/22/24 08:30:00 AM,22.142,,,
4145,05/22/24 08:40:00 AM,22.142,,,
4146,05/22/24 08:50:00 AM,22.238,,,
4147,05/22/24 09:00:00 AM,22.238,,,
4148,05/22/24 09:10:00 AM,22.333,,,
4149,05/22/24 09:20:00 AM,22.333,,,
4150,05/22/24 09:30:00 AM,22.333,,,
4151,05/22/24 09:40:00 AM,22.333,,,
4152,05/22/24 09:50:00 AM,22.429,,,
4153,05/22/24 10:00:00 AM,22.525,,,
4154,05/22/24 10:10:00 AM,22.621,,,
4155,05/22/24 10:20:00 AM,22.621,,,
4156,05/22/24 10:30:00 AM,22.621,,,
4157,05/22/24 10:40:00 AM,22.621,,,
4158,05/22/24 10:50:00 AM,22.717,,,
4159,05/22/24 11:00:00 AM,22.812,,,
4160,05/22/24 11:10:00 AM,22.908,,,
4161,05/22/24 11:20:00 AM,23.004,,,
4162,05/22/24 11:30:00 AM,23.196,,,
4163,05/22/24 11:40:00 AM,23.292,,,
4164,05/22/24 11:50:00 AM,23.196,,,
4165,05/22/24 12:00:00 PM,23.292,,,
4166,05/22/24 12:10:00 PM,23.388,,,
4167,05/22/24 12:20:00 PM,23.484,,,
4168,05/22/24 12:30:00 PM,23.581,,,
4169,05/22/24 12:40:00 PM,23.581,,,
4170,05/22/24 12:50:00 PM,23.581,,,
4171,05/22/24 01:00:00 PM,23.581,,,
4172,05/22/24 01:10:00 PM,23.484,,,
4173,05/22/24 01:20:00 PM,23.388,,,
4174,05/22/24 01:30:00 PM,23.581,,,
4175,05/22/24 01:40:00 PM,23.581,,,
4176,05/22/24 01:50:00 PM,23.484,,,
4177,05/22/24 02:00:00 PM,23.773,,,
4178,05/22/24 02:10:00 PM,23.966,,,
4179,05/22/24 02:20:00 PM,23.966,,,
4180,05/22/24 02:30:00 PM,24.158,,,
4181,05/22/24 02:40:00 PM,24.158,,,
4182,05/22/24 02:50:00 PM,24.158,,,
4183,05/22/24 03:00:00 PM,24.255,,,
4184,05/22/24 03:10:00 PM,24.351,,,
4185,05/22/24 03:20:00 PM,24.062,,,
4186,05/22/24 03:30:00 PM,23.966,,,
4187,05/22/24 03:40:00 PM,23.677,,,
4188,05/22/24 03:50:00 PM,23.773,,,
4189,05/22/24 04:00:00 PM,23.869,,,
4190,05/22/24 04:10:00 PM,23.966,,,
4191,05/22/24 04:20:00 PM,24.062,,,
4192,05/22/24 04:30:00 PM,24.158,,,
4193,05/22/24 04:40:00 PM,24.158,,,
4194,05/22/24 04:50:00 PM,24.448,,,
4195,05/22/24 05:00:00 PM,24.738,,,
4196,05/22/24 05:10:00 PM,24.931,,,
4197,05/22/24 05:20:00 PM,24.931,,,
4198,05/22/24 05:30:00 PM,25.125,,,
4199,05/22/24 05:40:00 PM,25.222,,,
4200,05/22/24 05:50:00 PM,25.125,,,
4201,05/22/24 06:00:00 PM,24.835,,,
4202,05/22/24 06:10:00 PM,24.738,,,
4203,05/22/24 06:20:00 PM,24.641,,,
4204,05/22/24 06:30:00 PM,24.158,,,
4205,05/22/24 06:40:00 PM,23.966,,,
4206,05/22/24 06:50:00 PM,23.484,,,
4207,05/22/24 07:00:00 PM,23.388,,,
4208,05/22/24 07:10:00 PM,23.196,,,
4209,05/22/24 07:20:00 PM,23.100,,,
4210,05/22/24 07:30:00 PM,23.004,,,
4211,05/22/24 07:40:00 PM,23.100,,,
4212,05/22/24 07:50:00 PM,23.196,,,
4213,05/22/24 08:00:00 PM,23.196,,,
4214,05/22/24 08:10:00 PM,23.196,,,
4215,05/22/24 08:20:00 PM,23.196,,,
4216,05/22/24 08:30:00 PM,23.100,,,
4217,05/22/24 08:40:00 PM,23.004,,,
4218,05/22/24 08:50:00 PM,23.196,,,
4219,05/22/24 09:00:00 PM,23.196,,,
4220,05/22/24 09:10:00 PM,23.196,,,
4221,05/22/24 09:20:00 PM,23.292,,,
4222,05/22/24 09:30:00 PM,23.292,,,
4223,05/22/24 09:40:00 PM,23.292,,,
4224,05/22/24 09:50:00 PM,23.292,,,
4225,05/22/24 10:00:00 PM,23.292,,,
4226,05/22/24 10:10:00 PM,23.292,,,
4227,05/22/24 10:20:00 PM,23.292,,,
4228,05/22/24 10:30:00 PM,23.388,,,
4229,05/22/24 10:40:00 PM,23.388,,,
4230,05/22/24 10:50:00 PM,23.292,,,
4231,05/22/24 11:00:00 PM,23.388,,,
4232,05/22/24 11:10:00 PM,23.388,,,
4233,05/22/24 11:20:00 PM,23.100,,,
4234,05/22/24 11:30:00 PM,23.292,,,
4235,05/22/24 11:40:00 PM,23.100,,,
4236,05/22/24 11:50:00 PM,23.004,,,
4237,05/23/24 12:00:00 AM,23.004,,,
4238,05/23/24 12:10:00 AM,23.100,,,
4239,05/23/24 12:20:00 AM,23.100,,,
4240,05/23/24 12:30:00 AM,23.100,,,
4241,05/23/24 12:40:00 AM,23.196,,,
4242,05/23/24 12:50:00 AM,23.196,,,
4243,05/23/24 01:00:00 AM,23.292,,,
4244,05/23/24 01:10:00 AM,23.292,,,
4245,05/23/24 01:20:00 AM,23.292,,,
4246,05/23/24 01:30:00 AM,23.292,,,
4247,05/23/24 01:40:00 AM,23.196,,,
4248,05/23/24 01:50:00 AM,23.196,,,
4249,05/23/24 02:00:00 AM,23.292,,,
4250,05/23/24 02:10:00 AM,23.292,,,
4251,05/23/24 02:20:00 AM,23.292,,,
4252,05/23/24 02:30:00 AM,23.292,,,
4253,05/23/24 02:40:00 AM,23.292,,,
4254,05/23/24 02:50:00 AM,23.292,,,
4255,05/23/24 03:00:00 AM,23.292,,,
4256,05/23/24 03:10:00 AM,23.292,,,
4257,05/23/24 03:20:00 AM,23.292,,,
4258,05/23/24 03:30:00 AM,23.292,,,
4259,05/23/24 03:40:00 AM,23.292,,,
4260,05/23/24 03:50:00 AM,23.292,,,
4261,05/23/24 04:00:00 AM,23.388,,,
4262,05/23/24 04:10:00 AM,23.292,,,
4263,05/23/24 04:20:00 AM,23.388,,,
4264,05/23/24 04:30:00 AM,23.388,,,
4265,05/23/24 04:40:00 AM,23.388,,,
4266,05/23/24 04:50:00 AM,23.388,,,
4267,05/23/24 05:00:00 AM,23.388,,,
4268,05/23/24 05:10:00 AM,23.388,,,
4269,05/23/24 05:20:00 AM,23.388,,,
4270,05/23/24 05:30:00 AM,23.388,,,
4271,05/23/24 05:40:00 AM,23.388,,,
4272,05/23/24 05:50:00 AM,23.388,,,
4273,05/23/24 06:00:00 AM,23.388,,,
4274,05/23/24 06:10:00 AM,23.388,,,
4275,05/23/24 06:20:00 AM,23.388,,,
4276,05/23/24 06:30:00 AM,23.388,,,
4277,05/23/24 06:40:00 AM,23.388,,,
4278,05/23/24 06:50:00 AM,23.388,,,
4279,05/23/24 07:00:00 AM,23.484,,,
4280,05/23/24 07:10:00 AM,23.484,,,
4281,05/23/24 07:20:00 AM,23.484,,,
4282,05/23/24 07:30:00 AM,23.484,,,
4283,05/23/24 07:40:00 AM,23.484,,,
4284,05/23/24 07:50:00 AM,23.581,,,
4285,05/23/24 08:00:00 AM,23.581,,,
4286,05/23/24 08:10:00 AM,23.581,,,
4287,05/23/24 08:20:00 AM,23.677,,,
4288,05/23/24 08:30:00 AM,23.677,,,
4289,05/23/24 08:40:00 AM,23.773,,,
4290,05/23/24 08:50:00 AM,23.677,,,
4291,05/23/24 09:00:00 AM,23.677,,,
4292,05/23/24 09:10:00 AM,23.773,,,
4293,05/23/24 09:20:00 AM,23.677,,,
4294,05/23/24 09:30:00 AM,23.773,,,
4295,05/23/24 09:40:00 AM,23.773,,,
4296,05/23/24 09:50:00 AM,23.773,,,
4297,05/23/24 10:00:00 AM,23.869,,,
4298,05/23/24 10:10:00 AM,23.966,,,
4299,05/23/24 10:20:00 AM,23.869,,,
4300,05/23/24 10:30:00 AM,23.869,,,
4301,05/23/24 10:40:00 AM,23.966,,,
4302,05/23/24 10:50:00 AM,23.966,,,
4303,05/23/24 11:00:00 AM,23.773,,,
4304,05/23/24 11:10:00 AM,23.966,,,
4305,05/23/24 11:20:00 AM,24.062,,,
4306,05/23/24 11:30:00 AM,24.158,,,
4307,05/23/24 11:40:00 AM,23.966,,,
4308,05/23/24 11:50:00 AM,23.966,,,
4309,05/23/24 12:00:00 PM,24.062,,,
4310,05/23/24 12:10:00 PM,24.158,,,
4311,05/23/24 12:20:00 PM,24.255,,,
4312,05/23/24 12:30:00 PM,24.351,,,
4313,05/23/24 12:40:00 PM,24.255,,,
4314,05/23/24 12:50:00 PM,24.255,,,
4315,05/23/24 01:00:00 PM,24.351,,,
4316,05/23/24 01:10:00 PM,24.351,,,
4317,05/23/24 01:20:00 PM,24.448,,,
4318,05/23/24 01:30:00 PM,24.545,,,
4319,05/23/24 01:40:00 PM,24.545,,,
4320,05/23/24 01:50:00 PM,24.545,,,
4321,05/23/24 02:00:00 PM,24.545,,,
4322,05/23/24 02:10:00 PM,24.641,,,
4323,05/23/24 02:20:00 PM,24.351,,,
4324,05/23/24 02:30:00 PM,24.545,,,
4325,05/23/24 02:40:00 PM,24.641,,,
4326,05/23/24 02:50:00 PM,24.738,,,
4327,05/23/24 03:00:00 PM,24.738,,,
4328,05/23/24 03:10:00 PM,24.835,,,
4329,05/23/24 03:20:00 PM,24.835,,,
4330,05/23/24 03:30:00 PM,24.641,,,
4331,05/23/24 03:40:00 PM,24.835,,,
4332,05/23/24 03:50:00 PM,24.931,,,
4333,05/23/24 04:00:00 PM,24.738,,,
4334,05/23/24 04:10:00 PM,24.641,,,
4335,05/23/24 04:20:00 PM,24.641,,,
4336,05/23/24 04:30:00 PM,24.641,,,
4337,05/23/24 04:40:00 PM,24.545,,,
4338,05/23/24 04:50:00 PM,24.641,,,
4339,05/23/24 05:00:00 PM,24.641,,,
4340,05/23/24 05:10:00 PM,24.641,,,
4341,05/23/24 05:20:00 PM,24.738,,,
4342,05/23/24 05:30:00 PM,24.738,,,
4343,05/23/24 05:40:00 PM,24.641,,,
4344,05/23/24 05:50:00 PM,24.545,,,
4345,05/23/24 06:00:00 PM,24.545,,,
4346,05/23/24 06:10:00 PM,24.448,,,
4347,05/23/24 06:20:00 PM,24.255,,,
4348,05/23/24 06:30:00 PM,24.158,,,
4349,05/23/24 06:40:00 PM,23.966,,,
4350,05/23/24 06:50:00 PM,23.966,,,
4351,05/23/24 07:00:00 PM,23.773,,,
4352,05/23/24 07:10:00 PM,23.773,,,
4353,05/23/24 07:20:00 PM,23.773,,,
4354,05/23/24 07:30:00 PM,23.869,,,
4355,05/23/24 07:40:00 PM,23.869,,,
4356,05/23/24 07:50:00 PM,23.869,,,
4357,05/23/24 08:00:00 PM,23.869,,,
4358,05/23/24 08:10:00 PM,23.869,,,
4359,05/23/24 08:20:00 PM,23.869,,,
4360,05/23/24 08:30:00 PM,23.869,,,
4361,05/23/24 08:40:00 PM,23.966,,,
4362,05/23/24 08:50:00 PM,23.966,,,
4363,05/23/24 09:00:00 PM,23.869,,,
4364,05/23/24 09:10:00 PM,23.773,,,
4365,05/23/24 09:20:00 PM,23.581,,,
4366,05/23/24 09:30:00 PM,23.196,,,
4367,05/23/24 09:40:00 PM,23.100,,,
4368,05/23/24 09:50:00 PM,23.388,,,
4369,05/23/24 10:00:00 PM,23.581,,,
4370,05/23/24 10:10:00 PM,23.581,,,
4371,05/23/24 10:20:00 PM,23.677,,,
4372,05/23/24 10:30:00 PM,23.677,,,
4373,05/23/24 10:40:00 PM,23.773,,,
4374,05/23/24 10:50:00 PM,23.869,,,
4375,05/23/24 11:00:00 PM,23.869,,,
4376,05/23/24 11:10:00 PM,23.773,,,
4377,05/23/24 11:20:00 PM,23.196,,,
4378,05/23/24 11:30:00 PM,23.292,,,
4379,05/23/24 11:40:00 PM,23.004,,,
4380,05/23/24 11:50:00 PM,22.908,,,
4381,05/24/24 12:00:00 AM,22.812,,,
4382,05/24/24 12:10:00 AM,22.812,,,
4383,05/24/24 12:20:00 AM,22.812,,,
4384,05/24/24 12:30:00 AM,22.908,,,
4385,05/24/24 12:40:00 AM,23.004,,,
4386,05/24/24 12:50:00 AM,23.004,,,
4387,05/24/24 01:00:00 AM,22.812,,,
4388,05/24/24 01:10:00 AM,23.004,,,
4389,05/24/24 01:20:00 AM,23.004,,,
4390,05/24/24 01:30:00 AM,23.100,,,
4391,05/24/24 01:40:00 AM,23.100,,,
4392,05/24/24 01:50:00 AM,23.100,,,
4393,05/24/24 02:00:00 AM,23.196,,,
4394,05/24/24 02:10:00 AM,23.196,,,
4395,05/24/24 02:20:00 AM,23.292,,,
4396,05/24/24 02:30:00 AM,23.292,,,
4397,05/24/24 02:40:00 AM,23.388,,,
4398,05/24/24 02:50:00 AM,23.388,,,
4399,05/24/24 03:00:00 AM,23.292,,,
4400,05/24/24 03:10:00 AM,23.196,,,
4401,05/24/24 03:20:00 AM,23.196,,,
4402,05/24/24 03:30:00 AM,23.292,,,
4403,05/24/24 03:40:00 AM,23.292,,,
4404,05/24/24 03:50:00 AM,23.292,,,
4405,05/24/24 04:00:00 AM,23.196,,,
4406,05/24/24 04:10:00 AM,23.196,,,
4407,05/24/24 04:20:00 AM,23.196,,,
4408,05/24/24 04:30:00 AM,23.292,,,
4409,05/24/24 04:40:00 AM,23.292,,,
4410,05/24/24 04:50:00 AM,23.196,,,
4411,05/24/24 05:00:00 AM,23.196,,,
4412,05/24/24 05:10:00 AM,23.292,,,
4413,05/24/24 05:20:00 AM,23.292,,,
4414,05/24/24 05:30:00 AM,23.292,,,
4415,05/24/24 05:40:00 AM,23.388,,,
4416,05/24/24 05:50:00 AM,23.292,,,
4417,05/24/24 06:00:00 AM,23.388,,,
4418,05/24/24 06:10:00 AM,23.388,,,
4419,05/24/24 06:20:00 AM,23.388,,,
4420,05/24/24 06:30:00 AM,23.388,,,
4421,05/24/24 06:40:00 AM,23.388,,,
4422,05/24/24 06:50:00 AM,23.388,,,
4423,05/24/24 07:00:00 AM,23.484,,,
4424,05/24/24 07:10:00 AM,23.484,,,
4425,05/24/24 07:20:00 AM,23.581,,,
4426,05/24/24 07:30:00 AM,23.581,,,
4427,05/24/24 07:40:00 AM,23.581,,,
4428,05/24/24 07:50:00 AM,23.581,,,
4429,05/24/24 08:00:00 AM,23.581,,,
4430,05/24/24 08:10:00 AM,23.581,,,
4431,05/24/24 08:20:00 AM,23.677,,,
4432,05/24/24 08:30:00 AM,23.677,,,
4433,05/24/24 08:40:00 AM,23.677,,,
4434,05/24/24 08:50:00 AM,23.677,,,
4435,05/24/24 09:00:00 AM,23.677,,,
4436,05/24/24 09:10:00 AM,23.677,,,
4437,05/24/24 09:20:00 AM,23.677,,,
4438,05/24/24 09:30:00 AM,23.677,,,
4439,05/24/24 09:40:00 AM,23.773,,,
4440,05/24/24 09:50:00 AM,23.677,,,
4441,05/24/24 10:00:00 AM,23.869,,,
4442,05/24/24 10:10:00 AM,23.966,,,
4443,05/24/24 10:20:00 AM,23.966,,,
4444,05/24/24 10:30:00 AM,23.869,,,
4445,05/24/24 10:40:00 AM,23.869,,,
4446,05/24/24 10:50:00 AM,23.869,,,
4447,05/24/24 11:00:00 AM,23.773,,,
4448,05/24/24 11:10:00 AM,24.062,,,
4449,05/24/24 11:20:00 AM,24.158,,,
4450,05/24/24 11:30:00 AM,24.158,,,
4451,05/24/24 11:40:00 AM,24.255,,,
4452,05/24/24 11:50:00 AM,24.351,,,
4453,05/24/24 12:00:00 PM,24.448,,,
4454,05/24/24 12:10:00 PM,24.351,,,
4455,05/24/24 12:20:00 PM,24.255,,,
4456,05/24/24 12:30:00 PM,24.255,,,
4457,05/24/24 12:40:00 PM,24.351,,,
4458,05/24/24 12:50:00 PM,24.351,,,
4459,05/24/24 01:00:00 PM,24.738,,,
4460,05/24/24 01:10:00 PM,24.641,,,
4461,05/24/24 01:20:00 PM,24.545,,,
4462,05/24/24 01:30:00 PM,24.641,,,
4463,05/24/24 01:40:00 PM,24.545,,,
4464,05/24/24 01:50:00 PM,24.641,,,
4465,05/24/24 02:00:00 PM,24.738,,,
4466,05/24/24 02:10:00 PM,24.931,,,
4467,05/24/24 02:20:00 PM,24.931,,,
4468,05/24/24 02:30:00 PM,24.931,,,
4469,05/24/24 02:40:00 PM,24.931,,,
4470,05/24/24 02:50:00 PM,24.835,,,
4471,05/24/24 03:00:00 PM,24.931,,,
4472,05/24/24 03:10:00 PM,24.738,,,
4473,05/24/24 03:20:00 PM,24.931,,,
4474,05/24/24 03:30:00 PM,24.931,,,
4475,05/24/24 03:40:00 PM,24.835,,,
4476,05/24/24 03:50:00 PM,25.125,,,
4477,05/24/24 04:00:00 PM,24.931,,,
4478,05/24/24 04:10:00 PM,25.125,,,
4479,05/24/24 04:20:00 PM,25.222,,,
4480,05/24/24 04:30:00 PM,25.319,,,
4481,05/24/24 04:40:00 PM,25.319,,,
4482,05/24/24 04:50:00 PM,25.513,,,
4483,05/24/24 05:00:00 PM,25.513,,,
4484,05/24/24 05:10:00 PM,25.610,,,
4485,05/24/24 05:20:00 PM,25.610,,,
4486,05/24/24 05:30:00 PM,25.610,,,
4487,05/24/24 05:40:00 PM,25.610,,,
4488,05/24/24 05:50:00 PM,25.513,,,
4489,05/24/24 06:00:00 PM,25.416,,,
4490,05/24/24 06:10:00 PM,25.513,,,
4491,05/24/24 06:20:00 PM,25.610,,,
4492,05/24/24 06:30:00 PM,25.708,,,
4493,05/24/24 06:40:00 PM,25.610,,,
4494,05/24/24 06:50:00 PM,25.708,,,
4495,05/24/24 07:00:00 PM,25.708,,,
4496,05/24/24 07:10:00 PM,25.708,,,
4497,05/24/24 07:20:00 PM,25.708,,,
4498,05/24/24 07:30:00 PM,25.708,,,
4499,05/24/24 07:40:00 PM,25.708,,,
4500,05/24/24 07:50:00 PM,25.610,,,
4501,05/24/24 08:00:00 PM,25.513,,,
4502,05/24/24 08:10:00 PM,25.610,,,
4503,05/24/24 08:20:00 PM,25.513,,,
4504,05/24/24 08:30:00 PM,25.610,,,
4505,05/24/24 08:40:00 PM,25.610,,,
4506,05/24/24 08:50:00 PM,25.222,,,
4507,05/24/24 09:00:00 PM,25.125,,,
4508,05/24/24 09:10:00 PM,24.931,,,
4509,05/24/24 09:20:00 PM,24.931,,,
4510,05/24/24 09:30:00 PM,24.835,,,
4511,05/24/24 09:40:00 PM,24.738,,,
4512,05/24/24 09:50:00 PM,24.641,,,
4513,05/24/24 10:00:00 PM,24.545,,,
4514,05/24/24 10:10:00 PM,24.641,,,
4515,05/24/24 10:20:00 PM,24.545,,,
4516,05/24/24 10:30:00 PM,24.545,,,
4517,05/24/24 10:40:00 PM,24.545,,,
4518,05/24/24 10:50:00 PM,24.545,,,
4519,05/24/24 11:00:00 PM,24.545,,,
4520,05/24/24 11:10:00 PM,24.641,,,
4521,05/24/24 11:20:00 PM,24.641,,,
4522,05/24/24 11:30:00 PM,24.641,,,
4523,05/24/24 11:40:00 PM,24.545,,,
4524,05/24/24 11:50:00 PM,24.641,,,
4525,05/25/24 12:00:00 AM,24.641,,,
4526,05/25/24 12:10:00 AM,24.641,,,
4527,05/25/24 12:20:00 AM,24.641,,,
4528,05/25/24 12:30:00 AM,24.545,,,
4529,05/25/24 12:40:00 AM,24.641,,,
4530,05/25/24 12:50:00 AM,24.641,,,
4531,05/25/24 01:00:00 AM,24.641,,,
4532,05/25/24 01:10:00 AM,24.545,,,
4533,05/25/24 01:20:00 AM,24.545,,,
4534,05/25/24 01:30:00 AM,24.641,,,
4535,05/25/24 01:40:00 AM,24.641,,,
4536,05/25/24 01:50:00 AM,24.641,,,
4537,05/25/24 02:00:00 AM,24.641,,,
4538,05/25/24 02:10:00 AM,24.641,,,
4539,05/25/24 02:20:00 AM,24.641,,,
4540,05/25/24 02:30:00 AM,24.641,,,
4541,05/25/24 02:40:00 AM,24.738,,,
4542,05/25/24 02:50:00 AM,24.738,,,
4543,05/25/24 03:00:00 AM,24.738,,,
4544,05/25/24 03:10:00 AM,24.641,,,
4545,05/25/24 03:20:00 AM,24.641,,,
4546,05/25/24 03:30:00 AM,24.738,,,
4547,05/25/24 03:40:00 AM,24.545,,,
4548,05/25/24 03:50:00 AM,24.641,,,
4549,05/25/24 04:00:00 AM,24.545,,,
4550,05/25/24 04:10:00 AM,24.641,,,
4551,05/25/24 04:20:00 AM,24.545,,,
4552,05/25/24 04:30:00 AM,24.545,,,
4553,05/25/24 04:40:00 AM,24.545,,,
4554,05/25/24 04:50:00 AM,24.448,,,
4555,05/25/24 05:00:00 AM,24.545,,,
4556,05/25/24 05:10:00 AM,24.351,,,
4557,05/25/24 05:20:00 AM,24.351,,,
4558,05/25/24 05:30:00 AM,24.448,,,
4559,05/25/24 05:40:00 AM,24.448,,,
4560,05/25/24 05:50:00 AM,24.448,,,
4561,05/25/24 06:00:00 AM,24.448,,,
4562,05/25/24 06:10:00 AM,24.351,,,
4563,05/25/24 06:20:00 AM,24.351,,,
4564,05/25/24 06:30:00 AM,24.255,,,
4565,05/25/24 06:40:00 AM,24.351,,,
4566,05/25/24 06:50:00 AM,24.351,,,
4567,05/25/24 07:00:00 AM,24.351,,,
4568,05/25/24 07:10:00 AM,24.351,,,
4569,05/25/24 07:20:00 AM,24.351,,,
4570,05/25/24 07:30:00 AM,24.255,,,
4571,05/25/24 07:40:00 AM,24.255,,,
4572,05/25/24 07:50:00 AM,24.351,,,
4573,05/25/24 08:00:00 AM,24.255,,,
4574,05/25/24 08:10:00 AM,24.255,,,
4575,05/25/24 08:20:00 AM,24.255,,,
4576,05/25/24 08:30:00 AM,24.255,,,
4577,05/25/24 08:40:00 AM,24.255,,,
4578,05/25/24 08:50:00 AM,24.255,,,
4579,05/25/24 09:00:00 AM,24.351,,,
4580,05/25/24 09:10:00 AM,24.351,,,
4581,05/25/24 09:20:00 AM,24.255,,,
4582,05/25/24 09:30:00 AM,24.351,,,
4583,05/25/24 09:40:00 AM,24.351,,,
4584,05/25/24 09:50:00 AM,24.448,,,
4585,05/25/24 10:00:00 AM,24.448,,,
4586,05/25/24 10:10:00 AM,24.545,,,
4587,05/25/24 10:20:00 AM,24.545,,,
4588,05/25/24 10:30:00 AM,24.545,,,
4589,05/25/24 10:40:00 AM,24.738,,,
4590,05/25/24 10:50:00 AM,24.738,,,
4591,05/25/24 11:00:00 AM,24.448,,,
4592,05/25/24 11:10:00 AM,24.448,,,
4593,05/25/24 11:20:00 AM,24.545,,,
4594,05/25/24 11:30:00 AM,24.738,,,
4595,05/25/24 11:40:00 AM,24.931,,,
4596,05/25/24 11:50:00 AM,24.931,,,
4597,05/25/24 12:00:00 PM,24.931,,,
4598,05/25/24 12:10:00 PM,24.931,,,
4599,05/25/24 12:20:00 PM,25.222,,,
4600,05/25/24 12:30:00 PM,25.125,,,
4601,05/25/24 12:40:00 PM,25.222,,,
4602,05/25/24 12:50:00 PM,25.416,,,
4603,05/25/24 01:00:00 PM,25.416,,,
4604,05/25/24 01:10:00 PM,25.513,,,
4605,05/25/24 01:20:00 PM,25.319,,,
4606,05/25/24 01:30:00 PM,25.416,,,
4607,05/25/24 01:40:00 PM,25.416,,,
4608,05/25/24 01:50:00 PM,25.222,,,
4609,05/25/24 02:00:00 PM,24.931,,,
4610,05/25/24 02:10:00 PM,24.931,,,
4611,05/25/24 02:20:00 PM,24.931,,,
4612,05/25/24 02:30:00 PM,24.931,,,
4613,05/25/24 02:40:00 PM,24.931,,,
4614,05/25/24 02:50:00 PM,24.931,,,
4615,05/25/24 03:00:00 PM,24.931,,,
4616,05/25/24 03:10:00 PM,24.931,,,
4617,05/25/24 03:20:00 PM,24.931,,,
4618,05/25/24 03:30:00 PM,25.222,,,
4619,05/25/24 03:40:00 PM,25.319,,,
4620,05/25/24 03:50:00 PM,25.319,,,
4621,05/25/24 04:00:00 PM,25.125,,,
4622,05/25/24 04:10:00 PM,25.125,,,
4623,05/25/24 04:20:00 PM,25.222,,,
4624,05/25/24 04:30:00 PM,25.319,,,
4625,05/25/24 04:40:00 PM,25.319,,,
4626,05/25/24 04:50:00 PM,25.319,,,
4627,05/25/24 05:00:00 PM,25.319,,,
4628,05/25/24 05:10:00 PM,25.222,,,
4629,05/25/24 05:20:00 PM,25.222,,,
4630,05/25/24 05:30:00 PM,25.319,,,
4631,05/25/24 05:40:00 PM,25.319,,,
4632,05/25/24 05:50:00 PM,25.222,,,
4633,05/25/24 06:00:00 PM,25.319,,,
4634,05/25/24 06:10:00 PM,25.319,,,
4635,05/25/24 06:20:00 PM,25.319,,,
4636,05/25/24 06:30:00 PM,25.319,,,
4637,05/25/24 06:40:00 PM,25.319,,,
4638,05/25/24 06:50:00 PM,25.319,,,
4639,05/25/24 07:00:00 PM,25.319,,,
4640,05/25/24 07:10:00 PM,25.319,,,
4641,05/25/24 07:20:00 PM,25.319,,,
4642,05/25/24 07:30:00 PM,25.319,,,
4643,05/25/24 07:40:00 PM,25.222,,,
4644,05/25/24 07:50:00 PM,24.931,,,
4645,05/25/24 08:00:00 PM,24.931,,,
4646,05/25/24 08:10:00 PM,24.931,,,
4647,05/25/24 08:20:00 PM,24.931,,,
4648,05/25/24 08:30:00 PM,24.931,,,
4649,05/25/24 08:40:00 PM,24.931,,,
4650,05/25/24 08:50:00 PM,25.028,,,
4651,05/25/24 09:00:00 PM,24.931,,,
4652,05/25/24 09:10:00 PM,25.028,,,
4653,05/25/24 09:20:00 PM,24.931,,,
4654,05/25/24 09:30:00 PM,24.931,,,
4655,05/25/24 09:40:00 PM,24.931,,,
4656,05/25/24 09:50:00 PM,24.931,,,
4657,05/25/24 10:00:00 PM,24.931,,,
4658,05/25/24 10:10:00 PM,24.931,,,
4659,05/25/24 10:20:00 PM,24.931,,,
4660,05/25/24 10:30:00 PM,24.931,,,
4661,05/25/24 10:40:00 PM,24.931,,,
4662,05/25/24 10:50:00 PM,24.931,,,
4663,05/25/24 11:00:00 PM,24.931,,,
4664,05/25/24 11:10:00 PM,24.931,,,
4665,05/25/24 11:20:00 PM,24.931,,,
4666,05/25/24 11:30:00 PM,24.931,,,
4667,05/25/24 11:40:00 PM,24.931,,,
4668,05/25/24 11:50:00 PM,24.931,,,
4669,05/26/24 12:00:00 AM,24.931,,,
4670,05/26/24 12:10:00 AM,24.931,,,
4671,05/26/24 12:20:00 AM,24.931,,,
4672,05/26/24 12:30:00 AM,24.931,,,
4673,05/26/24 12:40:00 AM,24.931,,,
4674,05/26/24 12:50:00 AM,24.931,,,
4675,05/26/24 01:00:00 AM,24.931,,,
4676,05/26/24 01:10:00 AM,24.931,,,
4677,05/26/24 01:20:00 AM,24.931,,,
4678,05/26/24 01:30:00 AM,24.931,,,
4679,05/26/24 01:40:00 AM,24.931,,,
4680,05/26/24 01:50:00 AM,24.931,,,
4681,05/26/24 02:00:00 AM,24.931,,,
4682,05/26/24 02:10:00 AM,24.931,,,
4683,05/26/24 02:20:00 AM,24.931,,,
4684,05/26/24 02:30:00 AM,24.931,,,
4685,05/26/24 02:40:00 AM,24.931,,,
4686,05/26/24 02:50:00 AM,24.931,,,
4687,05/26/24 03:00:00 AM,24.931,,,
4688,05/26/24 03:10:00 AM,24.931,,,
4689,05/26/24 03:20:00 AM,24.835,,,
4690,05/26/24 03:30:00 AM,24.738,,,
4691,05/26/24 03:40:00 AM,24.641,,,
4692,05/26/24 03:50:00 AM,24.641,,,
4693,05/26/24 04:00:00 AM,24.641,,,
4694,05/26/24 04:10:00 AM,24.545,,,
4695,05/26/24 04:20:00 AM,24.545,,,
4696,05/26/24 04:30:00 AM,24.545,,,
4697,05/26/24 04:40:00 AM,24.545,,,
4698,05/26/24 04:50:00 AM,24.448,,,
4699,05/26/24 05:00:00 AM,24.448,,,
4700,05/26/24 05:10:00 AM,24.448,,,
4701,05/26/24 05:20:00 AM,24.448,,,
4702,05/26/24 05:30:00 AM,24.448,,,
4703,05/26/24 05:40:00 AM,24.448,,,
4704,05/26/24 05:50:00 AM,24.448,,,
4705,05/26/24 06:00:00 AM,24.448,,,
4706,05/26/24 06:10:00 AM,24.448,,,
4707,05/26/24 06:20:00 AM,24.448,,,
4708,05/26/24 06:30:00 AM,24.448,,,
4709,05/26/24 06:40:00 AM,24.448,,,
4710,05/26/24 06:50:00 AM,24.448,,,
4711,05/26/24 07:00:00 AM,24.448,,,
4712,05/26/24 07:10:00 AM,24.545,,,
4713,05/26/24 07:20:00 AM,24.545,,,
4714,05/26/24 07:30:00 AM,24.545,,,
4715,05/26/24 07:40:00 AM,24.545,,,
4716,05/26/24 07:50:00 AM,24.545,,,
4717,05/26/24 08:00:00 AM,24.641,,,
4718,05/26/24 08:10:00 AM,24.641,,,
4719,05/26/24 08:20:00 AM,24.641,,,
4720,05/26/24 08:30:00 AM,24.738,,,
4721,05/26/24 08:40:00 AM,24.738,,,
4722,05/26/24 08:50:00 AM,24.738,,,
4723,05/26/24 09:00:00 AM,24.641,,,
4724,05/26/24 09:10:00 AM,24.738,,,
4725,05/26/24 09:20:00 AM,24.738,,,
4726,05/26/24 09:30:00 AM,24.835,,,
4727,05/26/24 09:40:00 AM,24.835,,,
4728,05/26/24 09:50:00 AM,24.931,,,
4729,05/26/24 10:00:00 AM,24.931,,,
4730,05/26/24 10:10:00 AM,24.931,,,
4731,05/26/24 10:20:00 AM,24.931,,,
4732,05/26/24 10:30:00 AM,24.931,,,
4733,05/26/24 10:40:00 AM,24.931,,,
4734,05/26/24 10:50:00 AM,24.931,,,
4735,05/26/24 11:00:00 AM,25.125,,,
4736,05/26/24 11:10:00 AM,25.125,,,
4737,05/26/24 11:20:00 AM,25.125,,,
4738,05/26/24 11:30:00 AM,25.125,,,
4739,05/26/24 11:40:00 AM,25.319,,,
4740,05/26/24 11:50:00 AM,25.513,,,
4741,05/26/24 12:00:00 PM,25.513,,,
4742,05/26/24 12:10:00 PM,25.416,,,
4743,05/26/24 12:20:00 PM,25.513,,,
4744,05/26/24 12:30:00 PM,25.610,,,
4745,05/26/24 12:40:00 PM,25.708,,,
4746,05/26/24 12:50:00 PM,25.708,,,
4747,05/26/24 01:00:00 PM,25.708,,,
4748,05/26/24 01:10:00 PM,25.513,,,
4749,05/26/24 01:20:00 PM,25.610,,,
4750,05/26/24 01:30:00 PM,25.610,,,
4751,05/26/24 01:40:00 PM,25.805,,,
4752,05/26/24 01:50:00 PM,25.708,,,
4753,05/26/24 02:00:00 PM,25.708,,,
4754,05/26/24 02:10:00 PM,25.902,,,
4755,05/26/24 02:20:00 PM,25.708,,,
4756,05/26/24 02:30:00 PM,25.708,,,
4757,05/26/24 02:40:00 PM,25.610,,,
4758,05/26/24 02:50:00 PM,25.708,,,
4759,05/26/24 03:00:00 PM,25.610,,,
4760,05/26/24 03:10:00 PM,25.708,,,
4761,05/26/24 03:20:00 PM,25.610,,,
4762,05/26/24 03:30:00 PM,25.708,,,
4763,05/26/24 03:40:00 PM,25.708,,,
4764,05/26/24 03:50:00 PM,25.902,,,
4765,05/26/24 04:00:00 PM,25.708,,,
4766,05/26/24 04:10:00 PM,25.513,,,
4767,05/26/24 04:20:00 PM,25.610,,,
4768,05/26/24 04:30:00 PM,25.708,,,
4769,05/26/24 04:40:00 PM,25.708,,,
4770,05/26/24 04:50:00 PM,25.805,,,
4771,05/26/24 05:00:00 PM,25.708,,,
4772,05/26/24 05:10:00 PM,25.610,,,
4773,05/26/24 05:20:00 PM,25.513,,,
4774,05/26/24 05:30:00 PM,25.416,,,
4775,05/26/24 05:40:00 PM,24.931,,,
4776,05/26/24 05:50:00 PM,24.835,,,
4777,05/26/24 06:00:00 PM,24.641,,,
4778,05/26/24 06:10:00 PM,24.641,,,
4779,05/26/24 06:20:00 PM,24.545,,,
4780,05/26/24 06:30:00 PM,24.545,,,
4781,05/26/24 06:40:00 PM,24.351,,,
4782,05/26/24 06:50:00 PM,24.158,,,
4783,05/26/24 07:00:00 PM,24.255,,,
4784,05/26/24 07:10:00 PM,24.351,,,
4785,05/26/24 07:20:00 PM,24.351,,,
4786,05/26/24 07:30:00 PM,23.773,,,
4787,05/26/24 07:40:00 PM,23.677,,,
4788,05/26/24 07:50:00 PM,23.004,,,
4789,05/26/24 08:00:00 PM,22.621,,,
4790,05/26/24 08:10:00 PM,22.525,,,
4791,05/26/24 08:20:00 PM,22.429,,,
4792,05/26/24 08:30:00 PM,22.333,,,
4793,05/26/24 08:40:00 PM,22.429,,,
4794,05/26/24 08:50:00 PM,22.621,,,
4795,05/26/24 09:00:00 PM,22.621,,,
4796,05/26/24 09:10:00 PM,22.525,,,
4797,05/26/24 09:20:00 PM,23.292,,,
4798,05/26/24 09:30:00 PM,23.677,,,
4799,05/26/24 09:40:00 PM,23.196,,,
4800,05/26/24 09:50:00 PM,23.196,,,
4801,05/26/24 10:00:00 PM,23.004,,,
4802,05/26/24 10:10:00 PM,23.004,,,
4803,05/26/24 10:20:00 PM,23.196,,,
4804,05/26/24 10:30:00 PM,23.196,,,
4805,05/26/24 10:40:00 PM,23.196,,,
4806,05/26/24 10:50:00 PM,22.046,,,
4807,05/26/24 11:00:00 PM,22.429,,,
4808,05/26/24 11:10:00 PM,22.429,,,
4809,05/26/24 11:20:00 PM,22.429,,,
4810,05/26/24 11:30:00 PM,22.621,,,
4811,05/26/24 11:40:00 PM,22.621,,,
4812,05/26/24 11:50:00 PM,22.908,,,
4813,05/27/24 12:00:00 AM,22.429,,,
4814,05/27/24 12:10:00 AM,23.292,,,
4815,05/27/24 12:20:00 AM,23.388,,,
4816,05/27/24 12:30:00 AM,23.388,,,
4817,05/27/24 12:40:00 AM,23.388,,,
4818,05/27/24 12:50:00 AM,23.677,,,
4819,05/27/24 01:00:00 AM,23.581,,,
4820,05/27/24 01:10:00 AM,23.196,,,
4821,05/27/24 01:20:00 AM,23.292,,,
4822,05/27/24 01:30:00 AM,23.773,,,
4823,05/27/24 01:40:00 AM,23.773,,,
4824,05/27/24 01:50:00 AM,23.869,,,
4825,05/27/24 02:00:00 AM,24.158,,,
4826,05/27/24 02:10:00 AM,23.966,,,
4827,05/27/24 02:20:00 AM,23.966,,,
4828,05/27/24 02:30:00 AM,23.292,,,
4829,05/27/24 02:40:00 AM,23.677,,,
4830,05/27/24 02:50:00 AM,23.773,,,
4831,05/27/24 03:00:00 AM,23.869,,,
4832,05/27/24 03:10:00 AM,22.621,,,
4833,05/27/24 03:20:00 AM,22.621,,,
4834,05/27/24 03:30:00 AM,22.621,,,
4835,05/27/24 03:40:00 AM,23.100,,,
4836,05/27/24 03:50:00 AM,23.196,,,
4837,05/27/24 04:00:00 AM,23.388,,,
4838,05/27/24 04:10:00 AM,23.388,,,
4839,05/27/24 04:20:00 AM,23.484,,,
4840,05/27/24 04:30:00 AM,23.388,,,
4841,05/27/24 04:40:00 AM,23.484,,,
4842,05/27/24 04:50:00 AM,23.773,,,
4843,05/27/24 05:00:00 AM,23.773,,,
4844,05/27/24 05:10:00 AM,23.869,,,
4845,05/27/24 05:20:00 AM,23.869,,,
4846,05/27/24 05:30:00 AM,23.773,,,
4847,05/27/24 05:40:00 AM,23.677,,,
4848,05/27/24 05:50:00 AM,23.388,,,
4849,05/27/24 06:00:00 AM,23.388,,,
4850,05/27/24 06:10:00 AM,22.908,,,
4851,05/27/24 06:20:00 AM,23.100,,,
4852,05/27/24 06:30:00 AM,23.004,,,
4853,05/27/24 06:40:00 AM,22.908,,,
4854,05/27/24 06:50:00 AM,23.100,,,
4855,05/27/24 07:00:00 AM,22.812,,,
4856,05/27/24 07:10:00 AM,23.100,,,
4857,05/27/24 07:20:00 AM,22.621,,,
4858,05/27/24 07:30:00 AM,23.100,,,
4859,05/27/24 07:40:00 AM,23.581,,,
4860,05/27/24 07:50:00 AM,23.773,,,
4861,05/27/24 08:00:00 AM,23.869,,,
4862,05/27/24 08:10:00 AM,23.773,,,
4863,05/27/24 08:20:00 AM,23.677,,,
4864,05/27/24 08:30:00 AM,23.773,,,
4865,05/27/24 08:40:00 AM,23.966,,,
4866,05/27/24 08:50:00 AM,23.677,,,
4867,05/27/24 09:00:00 AM,23.773,,,
4868,05/27/24 09:10:00 AM,23.773,,,
4869,05/27/24 09:20:00 AM,23.581,,,
4870,05/27/24 09:30:00 AM,23.581,,,
4871,05/27/24 09:40:00 AM,23.773,,,
4872,05/27/24 09:50:00 AM,23.773,,,
4873,05/27/24 10:00:00 AM,23.677,,,
4874,05/27/24 10:10:00 AM,23.773,,,
4875,05/27/24 10:20:00 AM,23.869,,,
4876,05/27/24 10:30:00 AM,23.869,,,
4877,05/27/24 10:40:00 AM,23.966,,,
4878,05/27/24 10:50:00 AM,23.966,,,
4879,05/27/24 11:00:00 AM,24.158,,,
4880,05/27/24 11:10:00 AM,23.966,,,
4881,05/27/24 11:20:00 AM,24.158,,,
4882,05/27/24 11:30:00 AM,24.255,,,
4883,05/27/24 11:40:00 AM,24.158,,,
4884,05/27/24 11:50:00 AM,23.966,,,
4885,05/27/24 12:00:00 PM,23.966,,,
4886,05/27/24 12:10:00 PM,23.966,,,
4887,05/27/24 12:20:00 PM,23.966,,,
4888,05/27/24 12:30:00 PM,24.158,,,
4889,05/27/24 12:40:00 PM,24.351,,,
4890,05/27/24 12:50:00 PM,24.448,,,
4891,05/27/24 01:00:00 PM,24.448,,,
4892,05/27/24 01:10:00 PM,24.351,,,
4893,05/27/24 01:20:00 PM,24.351,,,
4894,05/27/24 01:30:00 PM,24.351,,,
4895,05/27/24 01:40:00 PM,24.448,,,
4896,05/27/24 01:50:00 PM,24.448,,,
4897,05/27/24 02:00:00 PM,24.448,,,
4898,05/27/24 02:10:00 PM,24.158,,,
4899,05/27/24 02:20:00 PM,24.062,,,
4900,05/27/24 02:30:00 PM,24.062,,,
4901,05/27/24 02:40:00 PM,24.158,,,
4902,05/27/24 02:50:00 PM,24.448,,,
4903,05/27/24 03:00:00 PM,24.448,,,
4904,05/27/24 03:10:00 PM,24.062,,,
4905,05/27/24 03:20:00 PM,23.966,,,
4906,05/27/24 03:30:00 PM,23.869,,,
4907,05/27/24 03:40:00 PM,23.966,,,
4908,05/27/24 03:50:00 PM,23.966,,,
4909,05/27/24 04:00:00 PM,24.062,,,
4910,05/27/24 04:10:00 PM,24.062,,,
4911,05/27/24 04:20:00 PM,24.062,,,
4912,05/27/24 04:30:00 PM,23.966,,,
4913,05/27/24 04:40:00 PM,23.966,,,
4914,05/27/24 04:50:00 PM,23.966,,,
4915,05/27/24 05:00:00 PM,23.869,,,
4916,05/27/24 05:10:00 PM,23.966,,,
4917,05/27/24 05:20:00 PM,24.062,,,
4918,05/27/24 05:30:00 PM,24.158,,,
4919,05/27/24 05:40:00 PM,23.966,,,
4920,05/27/24 05:50:00 PM,23.869,,,
4921,05/27/24 06:00:00 PM,23.677,,,
4922,05/27/24 06:10:00 PM,23.773,,,
4923,05/27/24 06:20:00 PM,23.677,,,
4924,05/27/24 06:30:00 PM,23.581,,,
4925,05/27/24 06:40:00 PM,23.388,,,
4926,05/27/24 06:50:00 PM,23.100,,,
4927,05/27/24 07:00:00 PM,22.908,,,
4928,05/27/24 07:10:00 PM,22.908,,,
4929,05/27/24 07:20:00 PM,22.908,,,
4930,05/27/24 07:30:00 PM,22.908,,,
4931,05/27/24 07:40:00 PM,23.004,,,
4932,05/27/24 07:50:00 PM,23.004,,,
4933,05/27/24 08:00:00 PM,23.100,,,
4934,05/27/24 08:10:00 PM,23.196,,,
4935,05/27/24 08:20:00 PM,23.196,,,
4936,05/27/24 08:30:00 PM,23.196,,,
4937,05/27/24 08:40:00 PM,23.100,,,
4938,05/27/24 08:50:00 PM,22.908,,,
4939,05/27/24 09:00:00 PM,22.812,,,
4940,05/27/24 09:10:00 PM,22.812,,,
4941,05/27/24 09:20:00 PM,22.908,,,
4942,05/27/24 09:30:00 PM,23.004,,,
4943,05/27/24 09:40:00 PM,23.004,,,
4944,05/27/24 09:50:00 PM,22.908,,,
4945,05/27/24 10:00:00 PM,22.812,,,
4946,05/27/24 10:10:00 PM,22.812,,,
4947,05/27/24 10:20:00 PM,22.908,,,
4948,05/27/24 10:30:00 PM,22.908,,,
4949,05/27/24 10:40:00 PM,23.004,,,
4950,05/27/24 10:50:00 PM,23.004,,,
4951,05/27/24 11:00:00 PM,23.004,,,
4952,05/27/24 11:10:00 PM,23.004,,,
4953,05/27/24 11:20:00 PM,23.004,,,
4954,05/27/24 11:30:00 PM,23.100,,,
4955,05/27/24 11:40:00 PM,23.100,,,
4956,05/27/24 11:50:00 PM,23.196,,,
4957,05/28/24 12:00:00 AM,23.196,,,
4958,05/28/24 12:10:00 AM,23.196,,,
4959,05/28/24 12:20:00 AM,23.292,,,
4960,05/28/24 12:30:00 AM,23.292,,,
4961,05/28/24 12:40:00 AM,23.292,,,
4962,05/28/24 12:50:00 AM,23.196,,,
4963,05/28/24 01:00:00 AM,23.292,,,
4964,05/28/24 01:10:00 AM,23.292,,,
4965,05/28/24 01:20:00 AM,23.292,,,
4966,05/28/24 01:30:00 AM,23.196,,,
4967,05/28/24 01:40:00 AM,23.196,,,
4968,05/28/24 01:50:00 AM,23.292,,,
4969,05/28/24 02:00:00 AM,23.292,,,
4970,05/28/24 02:10:00 AM,23.196,,,
4971,05/28/24 02:20:00 AM,23.196,,,
4972,05/28/24 02:30:00 AM,23.196,,,
4973,05/28/24 02:40:00 AM,23.100,,,
4974,05/28/24 02:50:00 AM,23.196,,,
4975,05/28/24 03:00:00 AM,23.292,,,
4976,05/28/24 03:10:00 AM,23.196,,,
4977,05/28/24 03:20:00 AM,23.292,,,
4978,05/28/24 03:30:00 AM,23.196,,,
4979,05/28/24 03:40:00 AM,23.196,,,
4980,05/28/24 03:50:00 AM,22.908,,,
4981,05/28/24 04:00:00 AM,22.908,,,
4982,05/28/24 04:10:00 AM,23.292,,,
4983,05/28/24 04:20:00 AM,23.196,,,
4984,05/28/24 04:30:00 AM,22.717,,,
4985,05/28/24 04:40:00 AM,22.621,,,
4986,05/28/24 04:50:00 AM,22.621,,,
4987,05/28/24 05:00:00 AM,22.525,,,
4988,05/28/24 05:10:00 AM,22.621,,,
4989,05/28/24 05:20:00 AM,22.429,,,
4990,05/28/24 05:30:00 AM,22.429,,,
4991,05/28/24 05:40:00 AM,22.621,,,
4992,05/28/24 05:50:00 AM,22.812,,,
4993,05/28/24 06:00:00 AM,22.908,,,
4994,05/28/24 06:10:00 AM,22.908,,,
4995,05/28/24 06:20:00 AM,22.908,,,
4996,05/28/24 06:30:00 AM,22.812,,,
4997,05/28/24 06:40:00 AM,22.908,,,
4998,05/28/24 06:50:00 AM,22.812,,,
4999,05/28/24 07:00:00 AM,22.621,,,
5000,05/28/24 07:10:00 AM,22.621,,,
5001,05/28/24 07:20:00 AM,22.525,,,
5002,05/28/24 07:30:00 AM,22.429,,,
5003,05/28/24 07:40:00 AM,22.621,,,
5004,05/28/24 07:50:00 AM,22.429,,,
5005,05/28/24 08:00:00 AM,22.717,,,
5006,05/28/24 08:10:00 AM,22.717,,,
5007,05/28/24 08:20:00 AM,22.812,,,
5008,05/28/24 08:30:00 AM,22.717,,,
5009,05/28/24 08:40:00 AM,22.812,,,
5010,05/28/24 08:50:00 AM,22.812,,,
5011,05/28/24 09:00:00 AM,23.004,,,
5012,05/28/24 09:10:00 AM,23.196,,,
5013,05/28/24 09:20:00 AM,23.292,,,
5014,05/28/24 09:30:00 AM,23.196,,,
5015,05/28/24 09:40:00 AM,23.388,,,
5016,05/28/24 09:50:00 AM,23.388,,,
5017,05/28/24 10:00:00 AM,23.388,,,
5018,05/28/24 10:10:00 AM,23.581,,,
5019,05/28/24 10:20:00 AM,23.484,,,
5020,05/28/24 10:30:00 AM,23.773,,,
5021,05/28/24 10:40:00 AM,23.773,,,
5022,05/28/24 10:50:00 AM,23.773,,,
5023,05/28/24 11:00:00 AM,23.773,,,
5024,05/28/24 11:10:00 AM,24.062,,,
5025,05/28/24 11:20:00 AM,23.869,,,
5026,05/28/24 11:30:00 AM,24.062,,,
5027,05/28/24 11:40:00 AM,23.966,,,
5028,05/28/24 11:50:00 AM,23.966,,,
5029,05/28/24 12:00:00 PM,23.966,,,
5030,05/28/24 12:10:00 PM,24.062,,,
5031,05/28/24 12:20:00 PM,24.158,,,
5032,05/28/24 12:30:00 PM,24.351,,,
5033,05/28/24 12:40:00 PM,24.255,,,
5034,05/28/24 12:50:00 PM,24.062,,,
5035,05/28/24 01:00:00 PM,23.966,,,
5036,05/28/24 01:10:00 PM,24.158,,,
5037,05/28/24 01:20:00 PM,24.448,,,
5038,05/28/24 01:30:00 PM,24.158,,,
5039,05/28/24 01:40:00 PM,24.158,,,
5040,05/28/24 01:50:00 PM,24.351,,,
5041,05/28/24 02:00:00 PM,24.448,,,
5042,05/28/24 02:10:00 PM,24.641,,,
5043,05/28/24 02:20:00 PM,24.545,,,
5044,05/28/24 02:30:00 PM,24.448,,,
5045,05/28/24 02:40:00 PM,24.545,,,
5046,05/28/24 02:50:00 PM,24.641,,,
5047,05/28/24 03:00:00 PM,24.545,,,
5048,05/28/24 03:10:00 PM,24.738,,,
5049,05/28/24 03:20:00 PM,24.835,,,
5050,05/28/24 03:30:00 PM,24.738,,,
5051,05/28/24 03:40:00 PM,24.641,,,
5052,05/28/24 03:50:00 PM,24.641,,,
5053,05/28/24 04:00:00 PM,24.641,,,
5054,05/28/24 04:10:00 PM,24.545,,,
5055,05/28/24 04:20:00 PM,24.641,,,
5056,05/28/24 04:30:00 PM,24.738,,,
5057,05/28/24 04:40:00 PM,24.835,,,
5058,05/28/24 04:50:00 PM,24.835,,,
5059,05/28/24 05:00:00 PM,24.738,,,
5060,05/28/24 05:10:00 PM,24.738,,,
5061,05/28/24 05:20:00 PM,24.641,,,
5062,05/28/24 05:30:00 PM,24.738,,,
5063,05/28/24 05:40:00 PM,24.641,,,
5064,05/28/24 05:50:00 PM,24.641,,,
5065,05/28/24 06:00:00 PM,24.641,,,
5066,05/28/24 06:10:00 PM,24.545,,,
5067,05/28/24 06:20:00 PM,24.545,,,
5068,05/28/24 06:30:00 PM,24.545,,,
5069,05/28/24 06:40:00 PM,24.545,,,
5070,05/28/24 06:50:00 PM,24.545,,,
5071,05/28/24 07:00:00 PM,24.545,,,
5072,05/28/24 07:10:00 PM,24.448,,,
5073,05/28/24 07:20:00 PM,24.448,,,
5074,05/28/24 07:30:00 PM,24.448,,,
5075,05/28/24 07:40:00 PM,24.545,,,
5076,05/28/24 07:50:00 PM,24.448,,,
5077,05/28/24 08:00:00 PM,24.448,,,
5078,05/28/24 08:10:00 PM,24.351,,,
5079,05/28/24 08:20:00 PM,24.351,,,
5080,05/28/24 08:30:00 PM,24.351,,,
5081,05/28/24 08:40:00 PM,24.351,,,
5082,05/28/24 08:50:00 PM,24.351,,,
5083,05/28/24 09:00:00 PM,24.351,,,
5084,05/28/24 09:10:00 PM,24.255,,,
5085,05/28/24 09:20:00 PM,24.255,,,
5086,05/28/24 09:30:00 PM,24.351,,,
5087,05/28/24 09:40:00 PM,24.351,,,
5088,05/28/24 09:50:00 PM,24.255,,,
5089,05/28/24 10:00:00 PM,24.351,,,
5090,05/28/24 10:10:00 PM,24.255,,,
5091,05/28/24 10:20:00 PM,24.351,,,
5092,05/28/24 10:30:00 PM,24.351,,,
5093,05/28/24 10:40:00 PM,24.351,,,
5094,05/28/24 10:50:00 PM,24.351,,,
5095,05/28/24 11:00:00 PM,24.255,,,
5096,05/28/24 11:10:00 PM,24.158,,,
5097,05/28/24 11:20:00 PM,24.158,,,
5098,05/28/24 11:30:00 PM,24.158,,,
5099,05/28/24 11:40:00 PM,24.158,,,
5100,05/28/24 11:50:00 PM,24.158,,,
5101,05/29/24 12:00:00 AM,24.158,,,
5102,05/29/24 12:10:00 AM,24.158,,,
5103,05/29/24 12:20:00 AM,24.062,,,
5104,05/29/24 12:30:00 AM,24.062,,,
5105,05/29/24 12:40:00 AM,23.966,,,
5106,05/29/24 12:50:00 AM,24.062,,,
5107,05/29/24 01:00:00 AM,24.062,,,
5108,05/29/24 01:10:00 AM,23.869,,,
5109,05/29/24 01:20:00 AM,23.869,,,
5110,05/29/24 01:30:00 AM,23.966,,,
5111,05/29/24 01:40:00 AM,23.966,,,
5112,05/29/24 01:50:00 AM,23.869,,,
5113,05/29/24 02:00:00 AM,23.773,,,
5114,05/29/24 02:10:00 AM,23.677,,,
5115,05/29/24 02:20:00 AM,23.677,,,
5116,05/29/24 02:30:00 AM,23.677,,,
5117,05/29/24 02:40:00 AM,23.677,,,
5118,05/29/24 02:50:00 AM,23.677,,,
5119,05/29/24 03:00:00 AM,23.677,,,
5120,05/29/24 03:10:00 AM,23.677,,,
5121,05/29/24 03:20:00 AM,23.773,,,
5122,05/29/24 03:30:00 AM,23.677,,,
5123,05/29/24 03:40:00 AM,23.773,,,
5124,05/29/24 03:50:00 AM,23.677,,,
5125,05/29/24 04:00:00 AM,23.677,,,
5126,05/29/24 04:10:00 AM,23.677,,,
5127,05/29/24 04:20:00 AM,23.581,,,
5128,05/29/24 04:30:00 AM,23.581,,,
5129,05/29/24 04:40:00 AM,23.581,,,
5130,05/29/24 04:50:00 AM,23.196,,,
5131,05/29/24 05:00:00 AM,23.292,,,
5132,05/29/24 05:10:00 AM,23.292,,,
5133,05/29/24 05:20:00 AM,23.292,,,
5134,05/29/24 05:30:00 AM,23.004,,,
5135,05/29/24 05:40:00 AM,22.717,,,
5136,05/29/24 05:50:00 AM,23.100,,,
5137,05/29/24 06:00:00 AM,23.196,,,
5138,05/29/24 06:10:00 AM,23.196,,,
5139,05/29/24 06:20:00 AM,23.004,,,
5140,05/29/24 06:30:00 AM,23.004,,,
5141,05/29/24 06:40:00 AM,23.196,,,
5142,05/29/24 06:50:00 AM,23.004,,,
5143,05/29/24 07:00:00 AM,23.100,,,
5144,05/29/24 07:10:00 AM,23.100,,,
5145,05/29/24 07:20:00 AM,23.004,,,
5146,05/29/24 07:30:00 AM,23.100,,,
5147,05/29/24 07:40:00 AM,23.100,,,
5148,05/29/24 07:50:00 AM,23.100,,,
5149,05/29/24 08:00:00 AM,23.100,,,
5150,05/29/24 08:10:00 AM,23.196,,,
5151,05/29/24 08:20:00 AM,23.196,,,
5152,05/29/24 08:30:00 AM,23.196,,,
5153,05/29/24 08:40:00 AM,23.196,,,
5154,05/29/24 08:50:00 AM,23.196,,,
5155,05/29/24 09:00:00 AM,23.196,,,
5156,05/29/24 09:10:00 AM,23.292,,,
5157,05/29/24 09:20:00 AM,23.292,,,
5158,05/29/24 09:30:00 AM,23.388,,,
5159,05/29/24 09:40:00 AM,23.484,,,
5160,05/29/24 09:50:00 AM,23.677,,,
5161,05/29/24 10:00:00 AM,23.581,,,
5162,05/29/24 10:10:00 AM,23.677,,,
5163,05/29/24 10:20:00 AM,23.773,,,
5164,05/29/24 10:30:00 AM,23.581,,,
5165,05/29/24 10:40:00 AM,23.869,,,
5166,05/29/24 10:50:00 AM,23.581,,,
5167,05/29/24 11:00:00 AM,23.677,,,
5168,05/29/24 11:10:00 AM,23.773,,,
5169,05/29/24 11:20:00 AM,24.062,,,
5170,05/29/24 11:30:00 AM,23.966,,,
5171,05/29/24 11:40:00 AM,24.062,,,
5172,05/29/24 11:50:00 AM,24.158,,,
5173,05/29/24 12:00:00 PM,24.158,,,
5174,05/29/24 12:10:00 PM,24.351,,,
5175,05/29/24 12:20:00 PM,24.255,,,
5176,05/29/24 12:30:00 PM,24.158,,,
5177,05/29/24 12:40:00 PM,24.351,,,
5178,05/29/24 12:50:00 PM,24.255,,,
5179,05/29/24 01:00:00 PM,24.255,,,
5180,05/29/24 01:10:00 PM,24.255,,,
5181,05/29/24 01:20:00 PM,24.351,,,
5182,05/29/24 01:30:00 PM,24.255,,,
5183,05/29/24 01:40:00 PM,24.158,,,
5184,05/29/24 01:50:00 PM,24.158,,,
5185,05/29/24 02:00:00 PM,24.158,,,
5186,05/29/24 02:10:00 PM,24.158,,,
5187,05/29/24 02:20:00 PM,24.158,,,
5188,05/29/24 02:30:00 PM,24.255,,,
5189,05/29/24 02:40:00 PM,24.351,,,
5190,05/29/24 02:50:00 PM,24.255,,,
5191,05/29/24 03:00:00 PM,24.351,,,
5192,05/29/24 03:10:00 PM,24.351,,,
5193,05/29/24 03:20:00 PM,24.448,,,
5194,05/29/24 03:30:00 PM,24.448,,,
5195,05/29/24 03:40:00 PM,24.448,,,
5196,05/29/24 03:50:00 PM,24.448,,,
5197,05/29/24 04:00:00 PM,24.351,,,
5198,05/29/24 04:10:00 PM,24.351,,,
5199,05/29/24 04:20:00 PM,24.351,,,
5200,05/29/24 04:30:00 PM,24.448,,,
5201,05/29/24 04:40:00 PM,24.351,,,
5202,05/29/24 04:50:00 PM,24.158,,,
5203,05/29/24 05:00:00 PM,24.255,,,
5204,05/29/24 05:10:00 PM,24.158,,,
5205,05/29/24 05:20:00 PM,24.158,,,
5206,05/29/24 05:30:00 PM,24.158,,,
5207,05/29/24 05:40:00 PM,24.062,,,
5208,05/29/24 05:50:00 PM,23.966,,,
5209,05/29/24 06:00:00 PM,24.062,,,
5210,05/29/24 06:10:00 PM,24.062,,,
5211,05/29/24 06:20:00 PM,24.158,,,
5212,05/29/24 06:30:00 PM,24.158,,,
5213,05/29/24 06:40:00 PM,23.773,,,
5214,05/29/24 06:50:00 PM,23.677,,,
5215,05/29/24 07:00:00 PM,23.581,,,
5216,05/29/24 07:10:00 PM,23.581,,,
5217,05/29/24 07:20:00 PM,23.677,,,
5218,05/29/24 07:30:00 PM,23.677,,,
5219,05/29/24 07:40:00 PM,23.677,,,
5220,05/29/24 07:50:00 PM,23.773,,,
5221,05/29/24 08:00:00 PM,23.677,,,
5222,05/29/24 08:10:00 PM,23.773,,,
5223,05/29/24 08:20:00 PM,23.677,,,
5224,05/29/24 08:30:00 PM,23.773,,,
5225,05/29/24 08:40:00 PM,23.773,,,
5226,05/29/24 08:50:00 PM,23.773,,,
5227,05/29/24 09:00:00 PM,23.966,,,
5228,05/29/24 09:10:00 PM,24.062,,,
5229,05/29/24 09:20:00 PM,24.062,,,
5230,05/29/24 09:30:00 PM,23.966,,,
5231,05/29/24 09:40:00 PM,23.966,,,
5232,05/29/24 09:50:00 PM,23.966,,,
5233,05/29/24 10:00:00 PM,23.966,,,
5234,05/29/24 10:10:00 PM,23.869,,,
5235,05/29/24 10:20:00 PM,23.869,,,
5236,05/29/24 10:30:00 PM,23.869,,,
5237,05/29/24 10:40:00 PM,23.773,,,
5238,05/29/24 10:50:00 PM,23.773,,,
5239,05/29/24 11:00:00 PM,23.773,,,
5240,05/29/24 11:10:00 PM,23.773,,,
5241,05/29/24 11:20:00 PM,23.773,,,
5242,05/29/24 11:30:00 PM,23.773,,,
5243,05/29/24 11:40:00 PM,23.773,,,
5244,05/29/24 11:50:00 PM,23.773,,,
5245,05/30/24 12:00:00 AM,23.773,,,
5246,05/30/24 12:10:00 AM,23.677,,,
5247,05/30/24 12:20:00 AM,23.677,,,
5248,05/30/24 12:30:00 AM,23.581,,,
5249,05/30/24 12:40:00 AM,23.388,,,
5250,05/30/24 12:50:00 AM,23.484,,,
5251,05/30/24 01:00:00 AM,23.292,,,
5252,05/30/24 01:10:00 AM,23.388,,,
5253,05/30/24 01:20:00 AM,23.388,,,
5254,05/30/24 01:30:00 AM,23.388,,,
5255,05/30/24 01:40:00 AM,23.292,,,
5256,05/30/24 01:50:00 AM,23.196,,,
5257,05/30/24 02:00:00 AM,23.196,,,
5258,05/30/24 02:10:00 AM,23.004,,,
5259,05/30/24 02:20:00 AM,23.004,,,
5260,05/30/24 02:30:00 AM,23.004,,,
5261,05/30/24 02:40:00 AM,23.004,,,
5262,05/30/24 02:50:00 AM,23.004,,,
5263,05/30/24 03:00:00 AM,22.908,,,
5264,05/30/24 03:10:00 AM,22.908,,,
5265,05/30/24 03:20:00 AM,22.812,,,
5266,05/30/24 03:30:00 AM,22.908,,,
5267,05/30/24 03:40:00 AM,22.812,,,
5268,05/30/24 03:50:00 AM,22.908,,,
5269,05/30/24 04:00:00 AM,22.908,,,
5270,05/30/24 04:10:00 AM,22.812,,,
5271,05/30/24 04:20:00 AM,22.621,,,
5272,05/30/24 04:30:00 AM,22.717,,,
5273,05/30/24 04:40:00 AM,22.717,,,
5274,05/30/24 04:50:00 AM,22.621,,,
5275,05/30/24 05:00:00 AM,22.429,,,
5276,05/30/24 05:10:00 AM,22.525,,,
5277,05/30/24 05:20:00 AM,22.525,,,
5278,05/30/24 05:30:00 AM,22.525,,,
5279,05/30/24 05:40:00 AM,22.525,,,
5280,05/30/24 05:50:00 AM,22.429,,,
5281,05/30/24 06:00:00 AM,22.525,,,
5282,05/30/24 06:10:00 AM,22.525,,,
5283,05/30/24 06:20:00 AM,22.525,,,
5284,05/30/24 06:30:00 AM,22.621,,,
5285,05/30/24 06:40:00 AM,22.621,,,
5286,05/30/24 06:50:00 AM,22.621,,,
5287,05/30/24 07:00:00 AM,22.621,,,
5288,05/30/24 07:10:00 AM,22.621,,,
5289,05/30/24 07:20:00 AM,22.525,,,
5290,05/30/24 07:30:00 AM,22.525,,,
5291,05/30/24 07:40:00 AM,22.525,,,
5292,05/30/24 07:50:00 AM,22.621,,,
5293,05/30/24 08:00:00 AM,22.621,,,
5294,05/30/24 08:10:00 AM,22.621,,,
5295,05/30/24 08:20:00 AM,22.429,,,
5296,05/30/24 08:30:00 AM,22.621,,,
5297,05/30/24 08:40:00 AM,22.621,,,
5298,05/30/24 08:50:00 AM,22.621,,,
5299,05/30/24 09:00:00 AM,22.717,,,
5300,05/30/24 09:10:00 AM,22.621,,,
5301,05/30/24 09:20:00 AM,22.812,,,
5302,05/30/24 09:30:00 AM,22.812,,,
5303,05/30/24 09:40:00 AM,22.908,,,
5304,05/30/24 09:50:00 AM,22.908,,,
5305,05/30/24 10:00:00 AM,22.908,,,
5306,05/30/24 10:10:00 AM,22.908,,,
5307,05/30/24 10:20:00 AM,22.812,,,
5308,05/30/24 10:30:00 AM,22.908,,,
5309,05/30/24 10:40:00 AM,23.004,,,
5310,05/30/24 10:50:00 AM,23.196,,,
5311,05/30/24 11:00:00 AM,23.100,,,
5312,05/30/24 11:10:00 AM,23.388,,,
5313,05/30/24 11:20:00 AM,23.388,,,
5314,05/30/24 11:30:00 AM,23.388,,,
5315,05/30/24 11:40:00 AM,23.677,,,
5316,05/30/24 11:50:00 AM,23.677,,,
5317,05/30/24 12:00:00 PM,23.581,,,
5318,05/30/24 12:10:00 PM,23.581,,,
5319,05/30/24 12:20:00 PM,23.773,,,
5320,05/30/24 12:30:00 PM,23.677,,,
5321,05/30/24 12:40:00 PM,23.773,,,
5322,05/30/24 12:50:00 PM,23.773,,,
5323,05/30/24 01:00:00 PM,23.966,,,
5324,05/30/24 01:10:00 PM,23.869,,,
5325,05/30/24 01:20:00 PM,23.773,,,
5326,05/30/24 01:30:00 PM,23.966,,,
5327,05/30/24 01:40:00 PM,24.062,,,
5328,05/30/24 01:50:00 PM,23.966,,,
5329,05/30/24 02:00:00 PM,24.158,,,
5330,05/30/24 02:10:00 PM,24.158,,,
5331,05/30/24 02:20:00 PM,24.255,,,
5332,05/30/24 02:30:00 PM,24.158,,,
5333,05/30/24 02:40:00 PM,24.448,,,
5334,05/30/24 02:50:00 PM,24.545,,,
5335,05/30/24 03:00:00 PM,24.545,,,
5336,05/30/24 03:10:00 PM,24.641,,,
5337,05/30/24 03:20:00 PM,24.545,,,
5338,05/30/24 03:30:00 PM,24.641,,,
5339,05/30/24 03:40:00 PM,24.641,,,
5340,05/30/24 03:50:00 PM,24.545,,,
5341,05/30/24 04:00:00 PM,24.545,,,
5342,05/30/24 04:10:00 PM,24.545,,,
5343,05/30/24 04:20:00 PM,24.738,,,
5344,05/30/24 04:30:00 PM,24.738,,,
5345,05/30/24 04:40:00 PM,24.738,,,
5346,05/30/24 04:50:00 PM,24.351,,,
5347,05/30/24 05:00:00 PM,24.158,,,
5348,05/30/24 05:10:00 PM,24.351,,,
5349,05/30/24 05:20:00 PM,24.158,,,
5350,05/30/24 05:30:00 PM,24.158,,,
5351,05/30/24 05:40:00 PM,24.062,,,
5352,05/30/24 05:50:00 PM,24.158,,,
5353,05/30/24 06:00:00 PM,24.158,,,
5354,05/30/24 06:10:00 PM,24.158,,,
5355,05/30/24 06:20:00 PM,24.158,,,
5356,05/30/24 06:30:00 PM,24.158,,,
5357,05/30/24 06:40:00 PM,24.158,,,
5358,05/30/24 06:50:00 PM,24.062,,,
5359,05/30/24 07:00:00 PM,24.062,,,
5360,05/30/24 07:10:00 PM,24.062,,,
5361,05/30/24 07:20:00 PM,24.158,,,
5362,05/30/24 07:30:00 PM,24.158,,,
5363,05/30/24 07:40:00 PM,24.158,,,
5364,05/30/24 07:50:00 PM,24.158,,,
5365,05/30/24 08:00:00 PM,24.158,,,
5366,05/30/24 08:10:00 PM,24.158,,,
5367,05/30/24 08:20:00 PM,24.158,,,
5368,05/30/24 08:30:00 PM,24.158,,,
5369,05/30/24 08:40:00 PM,24.255,,,
5370,05/30/24 08:50:00 PM,24.351,,,
5371,05/30/24 09:00:00 PM,24.351,,,
5372,05/30/24 09:10:00 PM,24.351,,,
5373,05/30/24 09:20:00 PM,24.255,,,
5374,05/30/24 09:30:00 PM,24.351,,,
5375,05/30/24 09:40:00 PM,24.351,,,
5376,05/30/24 09:50:00 PM,24.255,,,
5377,05/30/24 10:00:00 PM,24.158,,,
5378,05/30/24 10:10:00 PM,24.158,,,
5379,05/30/24 10:20:00 PM,24.158,,,
5380,05/30/24 10:30:00 PM,24.158,,,
5381,05/30/24 10:40:00 PM,24.062,,,
5382,05/30/24 10:50:00 PM,23.966,,,
5383,05/30/24 11:00:00 PM,23.966,,,
5384,05/30/24 11:10:00 PM,23.966,,,
5385,05/30/24 11:20:00 PM,23.869,,,
5386,05/30/24 11:30:00 PM,23.966,,,
5387,05/30/24 11:40:00 PM,23.966,,,
5388,05/30/24 11:50:00 PM,23.869,,,
5389,05/31/24 12:00:00 AM,23.869,,,
5390,05/31/24 12:10:00 AM,23.869,,,
5391,05/31/24 12:20:00 AM,23.869,,,
5392,05/31/24 12:30:00 AM,23.869,,,
5393,05/31/24 12:40:00 AM,23.773,,,
5394,05/31/24 12:50:00 AM,23.773,,,
5395,05/31/24 01:00:00 AM,23.773,,,
5396,05/31/24 01:10:00 AM,23.773,,,
5397,05/31/24 01:20:00 AM,23.677,,,
5398,05/31/24 01:30:00 AM,23.677,,,
5399,05/31/24 01:40:00 AM,23.677,,,
5400,05/31/24 01:50:00 AM,23.581,,,
5401,05/31/24 02:00:00 AM,23.292,,,
5402,05/31/24 02:10:00 AM,23.388,,,
5403,05/31/24 02:20:00 AM,23.388,,,
5404,05/31/24 02:30:00 AM,23.292,,,
5405,05/31/24 02:40:00 AM,23.100,,,
5406,05/31/24 02:50:00 AM,23.004,,,
5407,05/31/24 03:00:00 AM,23.196,,,
5408,05/31/24 03:10:00 AM,23.100,,,
5409,05/31/24 03:20:00 AM,22.908,,,
5410,05/31/24 03:30:00 AM,23.004,,,
5411,05/31/24 03:40:00 AM,22.908,,,
5412,05/31/24 03:50:00 AM,22.908,,,
5413,05/31/24 04:00:00 AM,22.717,,,
5414,05/31/24 04:10:00 AM,22.812,,,
5415,05/31/24 04:20:00 AM,22.621,,,
5416,05/31/24 04:30:00 AM,22.621,,,
5417,05/31/24 04:40:00 AM,22.621,,,
5418,05/31/24 04:50:00 AM,22.525,,,
5419,05/31/24 05:00:00 AM,22.429,,,
5420,05/31/24 05:10:00 AM,22.429,,,
5421,05/31/24 05:20:00 AM,22.429,,,
5422,05/31/24 05:30:00 AM,22.429,,,
5423,05/31/24 05:40:00 AM,22.429,,,
5424,05/31/24 05:50:00 AM,22.525,,,
5425,05/31/24 06:00:00 AM,22.429,,,
5426,05/31/24 06:10:00 AM,22.429,,,
5427,05/31/24 06:20:00 AM,22.429,,,
5428,05/31/24 06:30:00 AM,22.429,,,
5429,05/31/24 06:40:00 AM,22.333,,,
5430,05/31/24 06:50:00 AM,22.238,,,
5431,05/31/24 07:00:00 AM,22.333,,,
5432,05/31/24 07:10:00 AM,22.333,,,
5433,05/31/24 07:20:00 AM,22.238,,,
5434,05/31/24 07:30:00 AM,22.238,,,
5435,05/31/24 07:40:00 AM,22.238,,,
5436,05/31/24 07:50:00 AM,22.238,,,
5437,05/31/24 08:00:00 AM,22.238,,,
5438,05/31/24 08:10:00 AM,22.333,,,
5439,05/31/24 08:20:00 AM,22.333,,,
5440,05/31/24 08:30:00 AM,22.429,,,
5441,05/31/24 08:40:00 AM,22.525,,,
5442,05/31/24 08:50:00 AM,22.621,,,
5443,05/31/24 09:00:00 AM,22.621,,,
5444,05/31/24 09:10:00 AM,22.717,,,
5445,05/31/24 09:20:00 AM,22.812,,,
5446,05/31/24 09:30:00 AM,22.812,,,
5447,05/31/24 09:40:00 AM,22.908,,,
5448,05/31/24 09:50:00 AM,22.908,,,
5449,05/31/24 10:00:00 AM,23.100,,,
5450,05/31/24 10:10:00 AM,23.196,,,
5451,05/31/24 10:20:00 AM,23.196,,,
5452,05/31/24 10:30:00 AM,23.484,,,
5453,05/31/24 10:40:00 AM,23.581,,,
5454,05/31/24 10:50:00 AM,23.677,,,
5455,05/31/24 11:00:00 AM,23.773,,,
5456,05/31/24 11:10:00 AM,23.773,,,
5457,05/31/24 11:20:00 AM,23.869,,,
5458,05/31/24 11:30:00 AM,23.869,,,
5459,05/31/24 11:40:00 AM,23.966,,,
5460,05/31/24 11:50:00 AM,24.158,,,
5461,05/31/24 12:00:00 PM,24.158,,,
5462,05/31/24 12:10:00 PM,24.255,,,
5463,05/31/24 12:20:00 PM,24.255,,,
5464,05/31/24 12:30:00 PM,24.351,,,
5465,05/31/24 12:40:00 PM,24.448,,,
5466,05/31/24 12:50:00 PM,24.448,,,
5467,05/31/24 01:00:00 PM,24.545,,,
5468,05/31/24 01:10:00 PM,24.545,,,
5469,05/31/24 01:20:00 PM,24.545,,,
5470,05/31/24 01:30:00 PM,24.641,,,
5471,05/31/24 01:40:00 PM,24.545,,,
5472,05/31/24 01:50:00 PM,24.545,,,
5473,05/31/24 02:00:00 PM,24.545,,,
5474,05/31/24 02:10:00 PM,24.641,,,
5475,05/31/24 02:20:00 PM,24.545,,,
5476,05/31/24 02:30:00 PM,24.545,,,
5477,05/31/24 02:40:00 PM,24.738,,,
5478,05/31/24 02:50:00 PM,24.738,,,
5479,05/31/24 03:00:00 PM,24.738,,,
5480,05/31/24 03:10:00 PM,24.738,,,
5481,05/31/24 03:20:00 PM,24.835,,,
5482,05/31/24 03:30:00 PM,24.931,,,
5483,05/31/24 03:40:00 PM,24.931,,,
5484,05/31/24 03:50:00 PM,25.125,,,
5485,05/31/24 04:00:00 PM,25.125,,,
5486,05/31/24 04:10:00 PM,25.125,,,
5487,05/31/24 04:20:00 PM,25.222,,,
5488,05/31/24 04:30:00 PM,25.222,,,
5489,05/31/24 04:40:00 PM,24.931,,,
5490,05/31/24 04:50:00 PM,25.125,,,
5491,05/31/24 05:00:00 PM,25.125,,,
5492,05/31/24 05:10:00 PM,25.125,,,
5493,05/31/24 05:20:00 PM,25.125,,,
5494,05/31/24 05:30:00 PM,25.125,,,
5495,05/31/24 05:40:00 PM,25.222,,,
5496,05/31/24 05:50:00 PM,25.125,,,
5497,05/31/24 06:00:00 PM,25.125,,,
5498,05/31/24 06:10:00 PM,25.125,,,
5499,05/31/24 06:20:00 PM,24.931,,,
5500,05/31/24 06:30:00 PM,24.931,,,
5501,05/31/24 06:40:00 PM,24.931,,,
5502,05/31/24 06:50:00 PM,24.931,,,
5503,05/31/24 07:00:00 PM,24.931,,,
5504,05/31/24 07:10:00 PM,24.931,,,
5505,05/31/24 07:20:00 PM,24.931,,,
5506,05/31/24 07:30:00 PM,24.931,,,
5507,05/31/24 07:40:00 PM,24.931,,,
5508,05/31/24 07:50:00 PM,24.931,,,
5509,05/31/24 08:00:00 PM,24.931,,,
5510,05/31/24 08:10:00 PM,24.835,,,
5511,05/31/24 08:20:00 PM,24.835,,,
5512,05/31/24 08:30:00 PM,24.835,,,
5513,05/31/24 08:40:00 PM,24.835,,,
5514,05/31/24 08:50:00 PM,24.835,,,
5515,05/31/24 09:00:00 PM,24.738,,,
5516,05/31/24 09:10:00 PM,24.835,,,
5517,05/31/24 09:20:00 PM,24.835,,,
5518,05/31/24 09:30:00 PM,24.835,,,
5519,05/31/24 09:40:00 PM,24.835,,,
5520,05/31/24 09:50:00 PM,24.835,,,
5521,05/31/24 10:00:00 PM,24.835,,,
5522,05/31/24 10:10:00 PM,24.835,,,
5523,05/31/24 10:20:00 PM,24.738,,,
5524,05/31/24 10:30:00 PM,24.641,,,
5525,05/31/24 10:40:00 PM,24.545,,,
5526,05/31/24 10:50:00 PM,24.641,,,
5527,05/31/24 11:00:00 PM,24.545,,,
5528,05/31/24 11:10:00 PM,24.545,,,
5529,05/31/24 11:20:00 PM,24.545,,,
5530,05/31/24 11:30:00 PM,24.448,,,
5531,05/31/24 11:40:00 PM,24.545,,,
5532,05/31/24 11:50:00 PM,24.545,,,
5533,06/01/24 12:00:00 AM,24.351,,,
5534,06/01/24 12:10:00 AM,24.351,,,
5535,06/01/24 12:20:00 AM,24.255,,,
5536,06/01/24 12:30:00 AM,24.158,,,
5537,06/01/24 12:40:00 AM,24.062,,,
5538,06/01/24 12:50:00 AM,24.062,,,
5539,06/01/24 01:00:00 AM,24.062,,,
5540,06/01/24 01:10:00 AM,23.966,,,
5541,06/01/24 01:20:00 AM,23.966,,,
5542,06/01/24 01:30:00 AM,23.869,,,
5543,06/01/24 01:40:00 AM,23.773,,,
5544,06/01/24 01:50:00 AM,23.773,,,
5545,06/01/24 02:00:00 AM,23.773,,,
5546,06/01/24 02:10:00 AM,23.773,,,
5547,06/01/24 02:20:00 AM,23.773,,,
5548,06/01/24 02:30:00 AM,23.581,,,
5549,06/01/24 02:40:00 AM,23.677,,,
5550,06/01/24 02:50:00 AM,23.677,,,
5551,06/01/24 03:00:00 AM,23.581,,,
5552,06/01/24 03:10:00 AM,23.388,,,
5553,06/01/24 03:20:00 AM,23.388,,,
5554,06/01/24 03:30:00 AM,23.484,,,
5555,06/01/24 03:40:00 AM,23.292,,,
5556,06/01/24 03:50:00 AM,22.908,,,
5557,06/01/24 04:00:00 AM,22.812,,,
5558,06/01/24 04:10:00 AM,22.908,,,
5559,06/01/24 04:20:00 AM,23.100,,,
5560,06/01/24 04:30:00 AM,22.621,,,
5561,06/01/24 04:40:00 AM,22.717,,,
5562,06/01/24 04:50:00 AM,22.908,,,
5563,06/01/24 05:00:00 AM,23.100,,,
5564,06/01/24 05:10:00 AM,22.812,,,
5565,06/01/24 05:20:00 AM,22.812,,,
5566,06/01/24 05:30:00 AM,22.429,,,
5567,06/01/24 05:40:00 AM,22.621,,,
5568,06/01/24 05:50:00 AM,23.004,,,
5569,06/01/24 06:00:00 AM,23.004,,,
5570,06/01/24 06:10:00 AM,22.908,,,
5571,06/01/24 06:20:00 AM,22.908,,,
5572,06/01/24 06:30:00 AM,22.908,,,
5573,06/01/24 06:40:00 AM,22.717,,,
5574,06/01/24 06:50:00 AM,22.717,,,
5575,06/01/24 07:00:00 AM,22.621,,,
5576,06/01/24 07:10:00 AM,22.621,,,
5577,06/01/24 07:20:00 AM,22.621,,,
5578,06/01/24 07:30:00 AM,22.621,,,
5579,06/01/24 07:40:00 AM,22.621,,,
5580,06/01/24 07:50:00 AM,22.621,,,
5581,06/01/24 08:00:00 AM,22.621,,,
5582,06/01/24 08:10:00 AM,22.621,,,
5583,06/01/24 08:20:00 AM,22.717,,,
5584,06/01/24 08:30:00 AM,22.717,,,
5585,06/01/24 08:40:00 AM,22.717,,,
5586,06/01/24 08:50:00 AM,22.717,,,
5587,06/01/24 09:00:00 AM,22.812,,,
5588,06/01/24 09:10:00 AM,22.812,,,
5589,06/01/24 09:20:00 AM,22.908,,,
5590,06/01/24 09:30:00 AM,23.004,,,
5591,06/01/24 09:40:00 AM,23.100,,,
5592,06/01/24 09:50:00 AM,23.100,,,
5593,06/01/24 10:00:00 AM,23.196,,,
5594,06/01/24 10:10:00 AM,23.292,,,
5595,06/01/24 10:20:00 AM,23.388,,,
5596,06/01/24 10:30:00 AM,23.388,,,
5597,06/01/24 10:40:00 AM,23.581,,,
5598,06/01/24 10:50:00 AM,23.484,,,
5599,06/01/24 11:00:00 AM,23.581,,,
5600,06/01/24 11:10:00 AM,23.773,,,
5601,06/01/24 11:20:00 AM,23.773,,,
5602,06/01/24 11:30:00 AM,23.966,,,
5603,06/01/24 11:40:00 AM,23.773,,,
5604,06/01/24 11:50:00 AM,23.773,,,
5605,06/01/24 12:00:00 PM,23.869,,,
5606,06/01/24 12:10:00 PM,24.062,,,
5607,06/01/24 12:20:00 PM,24.062,,,
5608,06/01/24 12:30:00 PM,24.062,,,
5609,06/01/24 12:40:00 PM,24.351,,,
5610,06/01/24 12:50:00 PM,24.351,,,
5611,06/01/24 01:00:00 PM,24.351,,,
5612,06/01/24 01:10:00 PM,24.448,,,
5613,06/01/24 01:20:00 PM,24.448,,,
5614,06/01/24 01:30:00 PM,24.448,,,
5615,06/01/24 01:40:00 PM,24.255,,,
5616,06/01/24 01:50:00 PM,24.255,,,
5617,06/01/24 02:00:00 PM,24.351,,,
5618,06/01/24 02:10:00 PM,24.255,,,
5619,06/01/24 02:20:00 PM,24.351,,,
5620,06/01/24 02:30:00 PM,24.351,,,
5621,06/01/24 02:40:00 PM,24.351,,,
5622,06/01/24 02:50:00 PM,24.351,,,
5623,06/01/24 03:00:00 PM,24.255,,,
5624,06/01/24 03:10:00 PM,24.351,,,
5625,06/01/24 03:20:00 PM,24.351,,,
5626,06/01/24 03:30:00 PM,24.255,,,
5627,06/01/24 03:40:00 PM,24.255,,,
5628,06/01/24 03:50:00 PM,24.255,,,
5629,06/01/24 04:00:00 PM,24.255,,,
5630,06/01/24 04:10:00 PM,24.255,,,
5631,06/01/24 04:20:00 PM,24.351,,,
5632,06/01/24 04:30:00 PM,24.255,,,
5633,06/01/24 04:40:00 PM,24.255,,,
5634,06/01/24 04:50:00 PM,24.255,,,
5635,06/01/24 05:00:00 PM,24.158,,,
5636,06/01/24 05:10:00 PM,24.158,,,
5637,06/01/24 05:20:00 PM,24.158,,,
5638,06/01/24 05:30:00 PM,24.158,,,
5639,06/01/24 05:40:00 PM,24.158,,,
5640,06/01/24 05:50:00 PM,24.158,,,
5641,06/01/24 06:00:00 PM,24.158,,,
5642,06/01/24 06:10:00 PM,24.158,,,
5643,06/01/24 06:20:00 PM,24.158,,,
5644,06/01/24 06:30:00 PM,24.158,,,
5645,06/01/24 06:40:00 PM,24.158,,,
5646,06/01/24 06:50:00 PM,24.158,,,
5647,06/01/24 07:00:00 PM,24.255,,,
5648,06/01/24 07:10:00 PM,24.351,,,
5649,06/01/24 07:20:00 PM,24.351,,,
5650,06/01/24 07:30:00 PM,24.351,,,
5651,06/01/24 07:40:00 PM,24.351,,,
5652,06/01/24 07:50:00 PM,24.351,,,
5653,06/01/24 08:00:00 PM,24.448,,,
5654,06/01/24 08:10:00 PM,24.448,,,
5655,06/01/24 08:20:00 PM,24.448,,,
5656,06/01/24 08:30:00 PM,24.448,,,
5657,06/01/24 08:40:00 PM,24.448,,,
5658,06/01/24 08:50:00 PM,24.448,,,
5659,06/01/24 09:00:00 PM,24.448,,,
5660,06/01/24 09:10:00 PM,24.448,,,
5661,06/01/24 09:20:00 PM,24.448,,,
5662,06/01/24 09:30:00 PM,24.351,,,
5663,06/01/24 09:40:00 PM,24.158,,,
5664,06/01/24 09:50:00 PM,24.158,,,
5665,06/01/24 10:00:00 PM,24.062,,,
5666,06/01/24 10:10:00 PM,23.966,,,
5667,06/01/24 10:20:00 PM,23.869,,,
5668,06/01/24 10:30:00 PM,23.869,,,
5669,06/01/24 10:40:00 PM,23.869,,,
5670,06/01/24 10:50:00 PM,23.869,,,
5671,06/01/24 11:00:00 PM,23.869,,,
5672,06/01/24 11:10:00 PM,23.869,,,
5673,06/01/24 11:20:00 PM,23.869,,,
5674,06/01/24 11:30:00 PM,23.869,,,
5675,06/01/24 11:40:00 PM,23.869,,,
5676,06/01/24 11:50:00 PM,23.869,,,
5677,06/02/24 12:00:00 AM,23.869,,,
5678,06/02/24 12:10:00 AM,23.773,,,
5679,06/02/24 12:20:00 AM,23.677,,,
5680,06/02/24 12:30:00 AM,23.581,,,
5681,06/02/24 12:40:00 AM,23.581,,,
5682,06/02/24 12:50:00 AM,23.484,,,
5683,06/02/24 01:00:00 AM,23.484,,,
5684,06/02/24 01:10:00 AM,23.484,,,
5685,06/02/24 01:20:00 AM,23.484,,,
5686,06/02/24 01:30:00 AM,23.581,,,
5687,06/02/24 01:40:00 AM,23.484,,,
5688,06/02/24 01:50:00 AM,23.484,,,
5689,06/02/24 02:00:00 AM,23.484,,,
5690,06/02/24 02:10:00 AM,23.484,,,
5691,06/02/24 02:20:00 AM,23.484,,,
5692,06/02/24 02:30:00 AM,23.484,,,
5693,06/02/24 02:40:00 AM,23.388,,,
5694,06/02/24 02:50:00 AM,23.388,,,
5695,06/02/24 03:00:00 AM,23.388,,,
5696,06/02/24 03:10:00 AM,23.388,,,
5697,06/02/24 03:20:00 AM,23.388,,,
5698,06/02/24 03:30:00 AM,23.388,,,
5699,06/02/24 03:40:00 AM,23.388,,,
5700,06/02/24 03:50:00 AM,23.388,,,
5701,06/02/24 04:00:00 AM,23.388,,,
5702,06/02/24 04:10:00 AM,23.388,,,
5703,06/02/24 04:20:00 AM,23.388,,,
5704,06/02/24 04:30:00 AM,23.292,,,
5705,06/02/24 04:40:00 AM,23.292,,,
5706,06/02/24 04:50:00 AM,23.196,,,
5707,06/02/24 05:00:00 AM,23.196,,,
5708,06/02/24 05:10:00 AM,23.004,,,
5709,06/02/24 05:20:00 AM,23.100,,,
5710,06/02/24 05:30:00 AM,23.196,,,
5711,06/02/24 05:40:00 AM,23.100,,,
5712,06/02/24 05:50:00 AM,23.100,,,
5713,06/02/24 06:00:00 AM,23.100,,,
5714,06/02/24 06:10:00 AM,23.100,,,
5715,06/02/24 06:20:00 AM,23.004,,,
5716,06/02/24 06:30:00 AM,23.004,,,
5717,06/02/24 06:40:00 AM,23.004,,,
5718,06/02/24 06:50:00 AM,23.004,,,
5719,06/02/24 07:00:00 AM,22.908,,,
5720,06/02/24 07:10:00 AM,22.908,,,
5721,06/02/24 07:20:00 AM,22.908,,,
5722,06/02/24 07:30:00 AM,22.812,,,
5723,06/02/24 07:40:00 AM,22.812,,,
5724,06/02/24 07:50:00 AM,22.812,,,
5725,06/02/24 08:00:00 AM,22.812,,,
5726,06/02/24 08:10:00 AM,22.812,,,
5727,06/02/24 08:20:00 AM,22.812,,,
5728,06/02/24 08:30:00 AM,22.717,,,
5729,06/02/24 08:40:00 AM,22.812,,,
5730,06/02/24 08:50:00 AM,22.717,,,
5731,06/02/24 09:00:00 AM,22.717,,,
5732,06/02/24 09:10:00 AM,22.717,,,
5733,06/02/24 09:20:00 AM,22.717,,,
5734,06/02/24 09:30:00 AM,22.717,,,
5735,06/02/24 09:40:00 AM,22.717,,,
5736,06/02/24 09:50:00 AM,22.717,,,
5737,06/02/24 10:00:00 AM,22.812,,,
5738,06/02/24 10:10:00 AM,22.812,,,
5739,06/02/24 10:20:00 AM,22.812,,,
5740,06/02/24 10:30:00 AM,22.812,,,
5741,06/02/24 10:40:00 AM,22.908,,,
5742,06/02/24 10:50:00 AM,22.908,,,
5743,06/02/24 11:00:00 AM,22.812,,,
5744,06/02/24 11:10:00 AM,22.812,,,
5745,06/02/24 11:20:00 AM,22.812,,,
5746,06/02/24 11:30:00 AM,22.908,,,
5747,06/02/24 11:40:00 AM,22.908,,,
5748,06/02/24 11:50:00 AM,23.004,,,
5749,06/02/24 12:00:00 PM,23.100,,,
5750,06/02/24 12:10:00 PM,23.100,,,
5751,06/02/24 12:20:00 PM,23.100,,,
5752,06/02/24 12:30:00 PM,23.100,,,
5753,06/02/24 12:40:00 PM,23.196,,,
5754,06/02/24 12:50:00 PM,23.196,,,
5755,06/02/24 01:00:00 PM,23.196,,,
5756,06/02/24 01:10:00 PM,23.004,,,
5757,06/02/24 01:20:00 PM,23.004,,,
5758,06/02/24 01:30:00 PM,23.292,,,
5759,06/02/24 01:40:00 PM,23.100,,,
5760,06/02/24 01:50:00 PM,23.196,,,
5761,06/02/24 02:00:00 PM,22.908,,,
5762,06/02/24 02:10:00 PM,23.196,,,
5763,06/02/24 02:20:00 PM,23.292,,,
5764,06/02/24 02:30:00 PM,23.292,,,
5765,06/02/24 02:40:00 PM,23.100,,,
5766,06/02/24 02:50:00 PM,23.388,,,
5767,06/02/24 03:00:00 PM,23.292,,,
5768,06/02/24 03:10:00 PM,23.388,,,
5769,06/02/24 03:20:00 PM,23.581,,,
5770,06/02/24 03:30:00 PM,23.581,,,
5771,06/02/24 03:40:00 PM,23.388,,,
5772,06/02/24 03:50:00 PM,23.388,,,
5773,06/02/24 04:00:00 PM,23.292,,,
5774,06/02/24 04:10:00 PM,23.388,,,
5775,06/02/24 04:20:00 PM,23.388,,,
5776,06/02/24 04:30:00 PM,23.388,,,
5777,06/02/24 04:40:00 PM,23.388,,,
5778,06/02/24 04:50:00 PM,23.484,,,
5779,06/02/24 05:00:00 PM,23.388,,,
5780,06/02/24 05:10:00 PM,23.581,,,
5781,06/02/24 05:20:00 PM,23.581,,,
5782,06/02/24 05:30:00 PM,23.677,,,
5783,06/02/24 05:40:00 PM,23.677,,,
5784,06/02/24 05:50:00 PM,23.581,,,
5785,06/02/24 06:00:00 PM,23.581,,,
5786,06/02/24 06:10:00 PM,23.677,,,
5787,06/02/24 06:20:00 PM,23.581,,,
5788,06/02/24 06:30:00 PM,23.581,,,
5789,06/02/24 06:40:00 PM,23.581,,,
5790,06/02/24 06:50:00 PM,23.581,,,
5791,06/02/24 07:00:00 PM,23.581,,,
5792,06/02/24 07:10:00 PM,23.581,,,
5793,06/02/24 07:20:00 PM,23.581,,,
5794,06/02/24 07:30:00 PM,23.581,,,
5795,06/02/24 07:40:00 PM,23.581,,,
5796,06/02/24 07:50:00 PM,23.581,,,
5797,06/02/24 08:00:00 PM,23.581,,,
5798,06/02/24 08:10:00 PM,23.581,,,
5799,06/02/24 08:20:00 PM,23.581,,,
5800,06/02/24 08:30:00 PM,23.581,,,
5801,06/02/24 08:40:00 PM,23.581,,,
5802,06/02/24 08:50:00 PM,23.484,,,
5803,06/02/24 09:00:00 PM,23.484,,,
5804,06/02/24 09:10:00 PM,23.484,,,
5805,06/02/24 09:20:00 PM,23.484,,,
5806,06/02/24 09:30:00 PM,23.484,,,
5807,06/02/24 09:40:00 PM,23.484,,,
5808,06/02/24 09:50:00 PM,23.484,,,
5809,06/02/24 10:00:00 PM,23.388,,,
5810,06/02/24 10:10:00 PM,23.484,,,
5811,06/02/24 10:20:00 PM,23.388,,,
5812,06/02/24 10:30:00 PM,23.388,,,
5813,06/02/24 10:40:00 PM,23.388,,,
5814,06/02/24 10:50:00 PM,23.388,,,
5815,06/02/24 11:00:00 PM,23.388,,,
5816,06/02/24 11:10:00 PM,23.388,,,
5817,06/02/24 11:20:00 PM,23.388,,,
5818,06/02/24 11:30:00 PM,23.388,,,
5819,06/02/24 11:40:00 PM,23.388,,,
5820,06/02/24 11:50:00 PM,23.388,,,
5821,06/03/24 12:00:00 AM,23.388,,,
5822,06/03/24 12:10:00 AM,23.388,,,
5823,06/03/24 12:20:00 AM,23.292,,,
5824,06/03/24 12:30:00 AM,23.388,,,
5825,06/03/24 12:40:00 AM,23.388,,,
5826,06/03/24 12:50:00 AM,23.292,,,
5827,06/03/24 01:00:00 AM,23.388,,,
5828,06/03/24 01:10:00 AM,23.388,,,
5829,06/03/24 01:20:00 AM,23.388,,,
5830,06/03/24 01:30:00 AM,23.292,,,
5831,06/03/24 01:40:00 AM,23.292,,,
5832,06/03/24 01:50:00 AM,23.292,,,
5833,06/03/24 02:00:00 AM,23.292,,,
5834,06/03/24 02:10:00 AM,23.292,,,
5835,06/03/24 02:20:00 AM,23.196,,,
5836,06/03/24 02:30:00 AM,23.196,,,
5837,06/03/24 02:40:00 AM,23.196,,,
5838,06/03/24 02:50:00 AM,23.196,,,
5839,06/03/24 03:00:00 AM,23.196,,,
5840,06/03/24 03:10:00 AM,23.100,,,
5841,06/03/24 03:20:00 AM,23.100,,,
5842,06/03/24 03:30:00 AM,23.004,,,
5843,06/03/24 03:40:00 AM,23.004,,,
5844,06/03/24 03:50:00 AM,23.004,,,
5845,06/03/24 04:00:00 AM,23.004,,,
5846,06/03/24 04:10:00 AM,22.908,,,
5847,06/03/24 04:20:00 AM,22.908,,,
5848,06/03/24 04:30:00 AM,22.908,,,
5849,06/03/24 04:40:00 AM,22.908,,,
5850,06/03/24 04:50:00 AM,22.908,,,
5851,06/03/24 05:00:00 AM,22.908,,,
5852,06/03/24 05:10:00 AM,22.908,,,
5853,06/03/24 05:20:00 AM,22.908,,,
5854,06/03/24 05:30:00 AM,22.908,,,
5855,06/03/24 05:40:00 AM,22.908,,,
5856,06/03/24 05:50:00 AM,22.812,,,
5857,06/03/24 06:00:00 AM,22.812,,,
5858,06/03/24 06:10:00 AM,22.908,,,
5859,06/03/24 06:20:00 AM,22.812,,,
5860,06/03/24 06:30:00 AM,22.908,,,
5861,06/03/24 06:40:00 AM,22.908,,,
5862,06/03/24 06:50:00 AM,22.908,,,
5863,06/03/24 07:00:00 AM,22.908,,,
5864,06/03/24 07:10:00 AM,22.908,,,
5865,06/03/24 07:20:00 AM,22.908,,,
5866,06/03/24 07:30:00 AM,22.812,,,
5867,06/03/24 07:40:00 AM,22.812,,,
5868,06/03/24 07:50:00 AM,22.908,,,
5869,06/03/24 08:00:00 AM,22.908,,,
5870,06/03/24 08:10:00 AM,22.812,,,
5871,06/03/24 08:20:00 AM,22.812,,,
5872,06/03/24 08:30:00 AM,22.812,,,
5873,06/03/24 08:40:00 AM,23.004,,,
5874,06/03/24 08:50:00 AM,22.908,,,
5875,06/03/24 09:00:00 AM,23.004,,,
5876,06/03/24 09:10:00 AM,23.004,,,
5877,06/03/24 09:20:00 AM,23.004,,,
5878,06/03/24 09:30:00 AM,23.100,,,
5879,06/03/24 09:40:00 AM,23.004,,,
5880,06/03/24 09:50:00 AM,23.100,,,
5881,06/03/24 10:00:00 AM,22.812,,,
5882,06/03/24 10:10:00 AM,22.812,,,
5883,06/03/24 10:20:00 AM,22.812,,,
5884,06/03/24 10:30:00 AM,22.908,,,
5885,06/03/24 10:40:00 AM,22.908,,,
5886,06/03/24 10:50:00 AM,23.196,,,
5887,06/03/24 11:00:00 AM,23.292,,,
5888,06/03/24 11:10:00 AM,23.484,,,
5889,06/03/24 11:20:00 AM,23.388,,,
5890,06/03/24 11:30:00 AM,23.388,,,
5891,06/03/24 11:40:00 AM,23.581,,,
5892,06/03/24 11:50:00 AM,23.388,,,
5893,06/03/24 12:00:00 PM,23.292,,,
5894,06/03/24 12:10:00 PM,23.388,,,
5895,06/03/24 12:20:00 PM,23.484,,,
5896,06/03/24 12:30:00 PM,23.677,,,
5897,06/03/24 12:40:00 PM,23.581,,,
5898,06/03/24 12:50:00 PM,23.484,,,
5899,06/03/24 01:00:00 PM,23.581,,,
5900,06/03/24 01:10:00 PM,23.773,,,
5901,06/03/24 01:20:00 PM,23.677,,,
5902,06/03/24 01:30:00 PM,23.966,,,
5903,06/03/24 01:40:00 PM,23.677,,,
5904,06/03/24 01:50:00 PM,23.677,,,
5905,06/03/24 02:00:00 PM,23.677,,,
5906,06/03/24 02:10:00 PM,23.869,,,
5907,06/03/24 02:20:00 PM,23.966,,,
5908,06/03/24 02:30:00 PM,23.966,,,
5909,06/03/24 02:40:00 PM,23.869,,,
5910,06/03/24 02:50:00 PM,23.966,,,
5911,06/03/24 03:00:00 PM,23.966,,,
5912,06/03/24 03:10:00 PM,23.869,,,
5913,06/03/24 03:20:00 PM,23.869,,,
5914,06/03/24 03:30:00 PM,23.773,,,
5915,06/03/24 03:40:00 PM,23.773,,,
5916,06/03/24 03:50:00 PM,23.773,,,
5917,06/03/24 04:00:00 PM,23.677,,,
5918,06/03/24 04:10:00 PM,23.581,,,
5919,06/03/24 04:20:00 PM,23.581,,,
5920,06/03/24 04:30:00 PM,23.581,,,
5921,06/03/24 04:40:00 PM,23.581,,,
5922,06/03/24 04:50:00 PM,23.581,,,
5923,06/03/24 05:00:00 PM,23.581,,,
5924,06/03/24 05:10:00 PM,23.677,,,
5925,06/03/24 05:20:00 PM,23.677,,,
5926,06/03/24 05:30:00 PM,23.677,,,
5927,06/03/24 05:40:00 PM,23.677,,,
5928,06/03/24 05:50:00 PM,23.677,,,
5929,06/03/24 06:00:00 PM,23.677,,,
5930,06/03/24 06:10:00 PM,23.677,,,
5931,06/03/24 06:20:00 PM,23.581,,,
5932,06/03/24 06:30:00 PM,23.581,,,
5933,06/03/24 06:40:00 PM,23.581,,,
5934,06/03/24 06:50:00 PM,23.581,,,
5935,06/03/24 07:00:00 PM,23.581,,,
5936,06/03/24 07:10:00 PM,23.484,,,
5937,06/03/24 07:20:00 PM,23.484,,,
5938,06/03/24 07:30:00 PM,23.484,,,
5939,06/03/24 07:40:00 PM,23.484,,,
5940,06/03/24 07:50:00 PM,23.484,,,
5941,06/03/24 08:00:00 PM,23.484,,,
5942,06/03/24 08:10:00 PM,23.484,,,
5943,06/03/24 08:20:00 PM,23.484,,,
5944,06/03/24 08:30:00 PM,23.484,,,
5945,06/03/24 08:40:00 PM,23.484,,,
5946,06/03/24 08:50:00 PM,23.484,,,
5947,06/03/24 09:00:00 PM,23.581,,,
5948,06/03/24 09:10:00 PM,23.484,,,
5949,06/03/24 09:20:00 PM,23.581,,,
5950,06/03/24 09:30:00 PM,23.581,,,
5951,06/03/24 09:40:00 PM,23.581,,,
5952,06/03/24 09:50:00 PM,23.484,,,
5953,06/03/24 10:00:00 PM,23.581,,,
5954,06/03/24 10:10:00 PM,23.581,,,
5955,06/03/24 10:20:00 PM,23.581,,,
5956,06/03/24 10:30:00 PM,23.581,,,
5957,06/03/24 10:40:00 PM,23.581,,,
5958,06/03/24 10:50:00 PM,23.581,,,
5959,06/03/24 11:00:00 PM,23.581,,,
5960,06/03/24 11:10:00 PM,23.581,,,
5961,06/03/24 11:20:00 PM,23.581,,,
5962,06/03/24 11:30:00 PM,23.677,,,
5963,06/03/24 11:40:00 PM,23.677,,,
5964,06/03/24 11:50:00 PM,23.677,,,
5965,06/04/24 12:00:00 AM,23.773,,,
5966,06/04/24 12:10:00 AM,23.773,,,
5967,06/04/24 12:20:00 AM,23.677,,,
5968,06/04/24 12:30:00 AM,23.677,,,
5969,06/04/24 12:40:00 AM,23.677,,,
5970,06/04/24 12:50:00 AM,23.677,,,
5971,06/04/24 01:00:00 AM,23.677,,,
5972,06/04/24 01:10:00 AM,23.677,,,
5973,06/04/24 01:20:00 AM,23.677,,,
5974,06/04/24 01:30:00 AM,23.677,,,
5975,06/04/24 01:40:00 AM,23.677,,,
5976,06/04/24 01:50:00 AM,23.581,,,
5977,06/04/24 02:00:00 AM,23.677,,,
5978,06/04/24 02:10:00 AM,23.677,,,
5979,06/04/24 02:20:00 AM,23.677,,,
5980,06/04/24 02:30:00 AM,23.581,,,
5981,06/04/24 02:40:00 AM,23.677,,,
5982,06/04/24 02:50:00 AM,23.581,,,
5983,06/04/24 03:00:00 AM,23.677,,,
5984,06/04/24 03:10:00 AM,23.677,,,
5985,06/04/24 03:20:00 AM,23.677,,,
5986,06/04/24 03:30:00 AM,23.677,,,
5987,06/04/24 03:40:00 AM,23.581,,,
5988,06/04/24 03:50:00 AM,23.581,,,
5989,06/04/24 04:00:00 AM,23.581,,,
5990,06/04/24 04:10:00 AM,23.581,,,
5991,06/04/24 04:20:00 AM,23.581,,,
5992,06/04/24 04:30:00 AM,23.581,,,
5993,06/04/24 04:40:00 AM,23.581,,,
5994,06/04/24 04:50:00 AM,23.581,,,
5995,06/04/24 05:00:00 AM,23.484,,,
5996,06/04/24 05:10:00 AM,23.484,,,
5997,06/04/24 05:20:00 AM,23.484,,,
5998,06/04/24 05:30:00 AM,23.388,,,
5999,06/04/24 05:40:00 AM,23.388,,,
6000,06/04/24 05:50:00 AM,23.388,,,
6001,06/04/24 06:00:00 AM,23.388,,,
6002,06/04/24 06:10:00 AM,23.292,,,
6003,06/04/24 06:20:00 AM,23.292,,,
6004,06/04/24 06:30:00 AM,23.292,,,
6005,06/04/24 06:40:00 AM,23.196,,,
6006,06/04/24 06:50:00 AM,23.196,,,
6007,06/04/24 07:00:00 AM,23.196,,,
6008,06/04/24 07:10:00 AM,23.196,,,
6009,06/04/24 07:20:00 AM,23.196,,,
6010,06/04/24 07:30:00 AM,23.196,,,
6011,06/04/24 07:40:00 AM,23.100,,,
6012,06/04/24 07:50:00 AM,23.100,,,
6013,06/04/24 08:00:00 AM,23.100,,,
6014,06/04/24 08:10:00 AM,23.100,,,
6015,06/04/24 08:20:00 AM,23.196,,,
6016,06/04/24 08:30:00 AM,23.196,,,
6017,06/04/24 08:40:00 AM,23.196,,,
6018,06/04/24 08:50:00 AM,23.196,,,
6019,06/04/24 09:00:00 AM,23.100,,,
6020,06/04/24 09:10:00 AM,23.196,,,
6021,06/04/24 09:20:00 AM,23.292,,,
6022,06/04/24 09:30:00 AM,23.292,,,
6023,06/04/24 09:40:00 AM,23.388,,,
6024,06/04/24 09:50:00 AM,23.388,,,
6025,06/04/24 10:00:00 AM,23.484,,,
6026,06/04/24 10:10:00 AM,23.292,,,
6027,06/04/24 10:20:00 AM,23.100,,,
6028,06/04/24 10:30:00 AM,23.292,,,
6029,06/04/24 10:40:00 AM,23.581,,,
6030,06/04/24 10:50:00 AM,23.581,,,
6031,06/04/24 11:00:00 AM,23.388,,,
6032,06/04/24 11:10:00 AM,23.484,,,
6033,06/04/24 11:20:00 AM,23.773,,,
6034,06/04/24 11:30:00 AM,23.966,,,
6035,06/04/24 11:40:00 AM,24.158,,,
6036,06/04/24 11:50:00 AM,24.351,,,
6037,06/04/24 12:00:00 PM,24.448,,,
6038,06/04/24 12:10:00 PM,24.545,,,
6039,06/04/24 12:20:00 PM,24.738,,,
6040,06/04/24 12:30:00 PM,24.738,,,
6041,06/04/24 12:40:00 PM,24.545,,,
6042,06/04/24 12:50:00 PM,24.738,,,
6043,06/04/24 01:00:00 PM,24.931,,,
6044,06/04/24 01:10:00 PM,25.125,,,
6045,06/04/24 01:20:00 PM,25.222,,,
6046,06/04/24 01:30:00 PM,25.125,,,
6047,06/04/24 01:40:00 PM,25.125,,,
6048,06/04/24 01:50:00 PM,25.125,,,
6049,06/04/24 02:00:00 PM,25.222,,,
6050,06/04/24 02:10:00 PM,25.125,,,
6051,06/04/24 02:20:00 PM,25.222,,,
6052,06/04/24 02:30:00 PM,25.222,,,
6053,06/04/24 02:40:00 PM,25.125,,,
6054,06/04/24 02:50:00 PM,25.222,,,
6055,06/04/24 03:00:00 PM,25.222,,,
6056,06/04/24 03:10:00 PM,24.641,,,
6057,06/04/24 03:20:00 PM,24.158,,,
6058,06/04/24 03:30:00 PM,24.158,,,
6059,06/04/24 03:40:00 PM,24.158,,,
6060,06/04/24 03:50:00 PM,24.062,,,
6061,06/04/24 04:00:00 PM,24.062,,,
6062,06/04/24 04:10:00 PM,23.966,,,
6063,06/04/24 04:20:00 PM,23.966,,,
6064,06/04/24 04:30:00 PM,23.966,,,
6065,06/04/24 04:40:00 PM,23.869,,,
6066,06/04/24 04:50:00 PM,23.869,,,
6067,06/04/24 05:00:00 PM,23.869,,,
6068,06/04/24 05:10:00 PM,23.869,,,
6069,06/04/24 05:20:00 PM,23.773,,,
6070,06/04/24 05:30:00 PM,23.773,,,
6071,06/04/24 05:40:00 PM,23.869,,,
6072,06/04/24 05:50:00 PM,23.966,,,
6073,06/04/24 06:00:00 PM,24.062,,,
6074,06/04/24 06:10:00 PM,24.062,,,
6075,06/04/24 06:20:00 PM,23.966,,,
6076,06/04/24 06:30:00 PM,24.062,,,
6077,06/04/24 06:40:00 PM,24.158,,,
6078,06/04/24 06:50:00 PM,24.255,,,
6079,06/04/24 07:00:00 PM,24.351,,,
6080,06/04/24 07:10:00 PM,24.351,,,
6081,06/04/24 07:20:00 PM,24.255,,,
6082,06/04/24 07:30:00 PM,24.351,,,
6083,06/04/24 07:40:00 PM,24.351,,,
6084,06/04/24 07:50:00 PM,24.255,,,
6085,06/04/24 08:00:00 PM,24.255,,,
6086,06/04/24 08:10:00 PM,24.158,,,
6087,06/04/24 08:20:00 PM,24.062,,,
6088,06/04/24 08:30:00 PM,24.158,,,
6089,06/04/24 08:40:00 PM,24.158,,,
6090,06/04/24 08:50:00 PM,24.158,,,
6091,06/04/24 09:00:00 PM,24.062,,,
6092,06/04/24 09:10:00 PM,23.966,,,
6093,06/04/24 09:20:00 PM,23.966,,,
6094,06/04/24 09:30:00 PM,23.869,,,
6095,06/04/24 09:40:00 PM,23.869,,,
6096,06/04/24 09:50:00 PM,23.869,,,
6097,06/04/24 10:00:00 PM,23.869,,,
6098,06/04/24 10:10:00 PM,23.869,,,
6099,06/04/24 10:20:00 PM,23.869,,,
6100,06/04/24 10:30:00 PM,23.773,,,
6101,06/04/24 10:40:00 PM,23.773,,,
6102,06/04/24 10:50:00 PM,23.773,,,
6103,06/04/24 11:00:00 PM,23.773,,,
6104,06/04/24 11:10:00 PM,23.869,,,
6105,06/04/24 11:20:00 PM,23.869,,,
6106,06/04/24 11:30:00 PM,23.869,,,
6107,06/04/24 11:40:00 PM,23.869,,,
6108,06/04/24 11:50:00 PM,23.869,,,
6109,06/05/24 12:00:00 AM,23.869,,,
6110,06/05/24 12:10:00 AM,23.869,,,
6111,06/05/24 12:20:00 AM,23.869,,,
6112,06/05/24 12:30:00 AM,23.869,,,
6113,06/05/24 12:40:00 AM,23.869,,,
6114,06/05/24 12:50:00 AM,23.869,,,
6115,06/05/24 01:00:00 AM,23.869,,,
6116,06/05/24 01:10:00 AM,23.869,,,
6117,06/05/24 01:20:00 AM,23.869,,,
6118,06/05/24 01:30:00 AM,23.773,,,
6119,06/05/24 01:40:00 AM,23.869,,,
6120,06/05/24 01:50:00 AM,23.869,,,
6121,06/05/24 02:00:00 AM,23.869,,,
6122,06/05/24 02:10:00 AM,23.773,,,
6123,06/05/24 02:20:00 AM,23.869,,,
6124,06/05/24 02:30:00 AM,23.869,,,
6125,06/05/24 02:40:00 AM,23.869,,,
6126,06/05/24 02:50:00 AM,23.869,,,
6127,06/05/24 03:00:00 AM,23.869,,,
6128,06/05/24 03:10:00 AM,23.869,,,
6129,06/05/24 03:20:00 AM,23.773,,,
6130,06/05/24 03:30:00 AM,23.869,,,
6131,06/05/24 03:40:00 AM,23.869,,,
6132,06/05/24 03:50:00 AM,23.869,,,
6133,06/05/24 04:00:00 AM,23.869,,,
6134,06/05/24 04:10:00 AM,23.773,,,
6135,06/05/24 04:20:00 AM,23.773,,,
6136,06/05/24 04:30:00 AM,23.869,,,
6137,06/05/24 04:40:00 AM,23.869,,,
6138,06/05/24 04:50:00 AM,23.869,,,
6139,06/05/24 05:00:00 AM,23.966,,,
6140,06/05/24 05:10:00 AM,23.966,,,
6141,06/05/24 05:20:00 AM,23.966,,,
6142,06/05/24 05:30:00 AM,23.869,,,
6143,06/05/24 05:40:00 AM,23.869,,,
6144,06/05/24 05:50:00 AM,23.869,,,
6145,06/05/24 06:00:00 AM,23.966,,,
6146,06/05/24 06:10:00 AM,23.773,,,
6147,06/05/24 06:20:00 AM,23.677,,,
6148,06/05/24 06:30:00 AM,23.773,,,
6149,06/05/24 06:40:00 AM,23.773,,,
6150,06/05/24 06:50:00 AM,23.773,,,
6151,06/05/24 07:00:00 AM,23.773,,,
6152,06/05/24 07:10:00 AM,23.773,,,
6153,06/05/24 07:20:00 AM,23.773,,,
6154,06/05/24 07:30:00 AM,23.773,,,
6155,06/05/24 07:40:00 AM,23.773,,,
6156,06/05/24 07:50:00 AM,23.773,,,
6157,06/05/24 08:00:00 AM,23.773,,,
6158,06/05/24 08:10:00 AM,23.773,,,
6159,06/05/24 08:20:00 AM,23.773,,,
6160,06/05/24 08:30:00 AM,23.869,,,
6161,06/05/24 08:40:00 AM,23.869,,,
6162,06/05/24 08:50:00 AM,23.869,,,
6163,06/05/24 09:00:00 AM,23.773,,,
6164,06/05/24 09:10:00 AM,23.773,,,
6165,06/05/24 09:20:00 AM,23.773,,,
6166,06/05/24 09:30:00 AM,23.966,,,
6167,06/05/24 09:40:00 AM,23.966,,,
6168,06/05/24 09:50:00 AM,23.966,,,
6169,06/05/24 10:00:00 AM,23.966,,,
6170,06/05/24 10:10:00 AM,23.869,,,
6171,06/05/24 10:20:00 AM,23.966,,,
6172,06/05/24 10:30:00 AM,23.966,,,
6173,06/05/24 10:40:00 AM,24.062,,,
6174,06/05/24 10:50:00 AM,24.158,,,
6175,06/05/24 11:00:00 AM,24.062,,,
6176,06/05/24 11:10:00 AM,23.966,,,
6177,06/05/24 11:20:00 AM,23.966,,,
6178,06/05/24 11:30:00 AM,23.966,,,
6179,06/05/24 11:40:00 AM,23.966,,,
6180,06/05/24 11:50:00 AM,24.062,,,
6181,06/05/24 12:00:00 PM,24.062,,,
6182,06/05/24 12:10:00 PM,24.255,,,
6183,06/05/24 12:20:00 PM,24.255,,,
6184,06/05/24 12:30:00 PM,24.351,,,
6185,06/05/24 12:40:00 PM,24.351,,,
6186,06/05/24 12:50:00 PM,24.351,,,
6187,06/05/24 01:00:00 PM,24.351,,,
6188,06/05/24 01:10:00 PM,24.351,,,
6189,06/05/24 01:20:00 PM,24.351,,,
6190,06/05/24 01:30:00 PM,24.351,,,
6191,06/05/24 01:40:00 PM,24.448,,,
6192,06/05/24 01:50:00 PM,24.351,,,
6193,06/05/24 02:00:00 PM,24.255,,,
6194,06/05/24 02:10:00 PM,24.351,,,
6195,06/05/24 02:20:00 PM,24.448,,,
6196,06/05/24 02:30:00 PM,24.448,,,
6197,06/05/24 02:40:00 PM,24.351,,,
6198,06/05/24 02:50:00 PM,24.255,,,
6199,06/05/24 03:00:00 PM,24.255,,,
6200,06/05/24 03:10:00 PM,24.351,,,
6201,06/05/24 03:20:00 PM,24.351,,,
6202,06/05/24 03:30:00 PM,24.351,,,
6203,06/05/24 03:40:00 PM,24.351,,,
6204,06/05/24 03:50:00 PM,24.448,,,
6205,06/05/24 04:00:00 PM,24.448,,,
6206,06/05/24 04:10:00 PM,24.255,,,
6207,06/05/24 04:20:00 PM,24.158,,,
6208,06/05/24 04:30:00 PM,24.351,,,
6209,06/05/24 04:40:00 PM,24.448,,,
6210,06/05/24 04:50:00 PM,24.448,,,
6211,06/05/24 05:00:00 PM,24.545,,,
6212,06/05/24 05:10:00 PM,24.545,,,
6213,06/05/24 05:20:00 PM,24.545,,,
6214,06/05/24 05:30:00 PM,24.448,,,
6215,06/05/24 05:40:00 PM,24.545,,,
6216,06/05/24 05:50:00 PM,24.931,,,
6217,06/05/24 06:00:00 PM,24.835,,,
6218,06/05/24 06:10:00 PM,25.125,,,
6219,06/05/24 06:20:00 PM,25.319,,,
6220,06/05/24 06:30:00 PM,25.125,,,
6221,06/05/24 06:40:00 PM,25.125,,,
6222,06/05/24 06:50:00 PM,24.641,,,
6223,06/05/24 07:00:00 PM,24.835,,,
6224,06/05/24 07:10:00 PM,24.158,,,
6225,06/05/24 07:20:00 PM,24.062,,,
6226,06/05/24 07:30:00 PM,24.158,,,
6227,06/05/24 07:40:00 PM,24.448,,,
6228,06/05/24 07:50:00 PM,24.641,,,
6229,06/05/24 08:00:00 PM,24.545,,,
6230,06/05/24 08:10:00 PM,24.448,,,
6231,06/05/24 08:20:00 PM,24.351,,,
6232,06/05/24 08:30:00 PM,24.158,,,
6233,06/05/24 08:40:00 PM,24.351,,,
6234,06/05/24 08:50:00 PM,24.545,,,
6235,06/05/24 09:00:00 PM,24.448,,,
6236,06/05/24 09:10:00 PM,24.351,,,
6237,06/05/24 09:20:00 PM,24.448,,,
6238,06/05/24 09:30:00 PM,24.448,,,
6239,06/05/24 09:40:00 PM,24.351,,,
6240,06/05/24 09:50:00 PM,24.158,,,
6241,06/05/24 10:00:00 PM,24.158,,,
6242,06/05/24 10:10:00 PM,24.062,,,
6243,06/05/24 10:20:00 PM,24.062,,,
6244,06/05/24 10:30:00 PM,24.158,,,
6245,06/05/24 10:40:00 PM,24.158,,,
6246,06/05/24 10:50:00 PM,24.062,,,
6247,06/05/24 11:00:00 PM,24.062,,,
6248,06/05/24 11:10:00 PM,23.869,,,
6249,06/05/24 11:20:00 PM,23.869,,,
6250,06/05/24 11:30:00 PM,23.966,,,
6251,06/05/24 11:40:00 PM,23.966,,,
6252,06/05/24 11:50:00 PM,23.869,,,
6253,06/06/24 12:00:00 AM,23.966,,,
6254,06/06/24 12:10:00 AM,24.062,,,
6255,06/06/24 12:20:00 AM,23.869,,,
6256,06/06/24 12:30:00 AM,23.773,,,
6257,06/06/24 12:40:00 AM,23.677,,,
6258,06/06/24 12:50:00 AM,23.773,,,
6259,06/06/24 01:00:00 AM,23.869,,,
6260,06/06/24 01:10:00 AM,24.062,,,
6261,06/06/24 01:20:00 AM,23.966,,,
6262,06/06/24 01:30:00 AM,23.966,,,
6263,06/06/24 01:40:00 AM,23.966,,,
6264,06/06/24 01:50:00 AM,23.966,,,
6265,06/06/24 02:00:00 AM,23.966,,,
6266,06/06/24 02:10:00 AM,23.773,,,
6267,06/06/24 02:20:00 AM,23.869,,,
6268,06/06/24 02:30:00 AM,23.869,,,
6269,06/06/24 02:40:00 AM,23.773,,,
6270,06/06/24 02:50:00 AM,23.773,,,
6271,06/06/24 03:00:00 AM,23.869,,,
6272,06/06/24 03:10:00 AM,23.966,,,
6273,06/06/24 03:20:00 AM,23.966,,,
6274,06/06/24 03:30:00 AM,23.966,,,
6275,06/06/24 03:40:00 AM,23.869,,,
6276,06/06/24 03:50:00 AM,23.484,,,
6277,06/06/24 04:00:00 AM,23.581,,,
6278,06/06/24 04:10:00 AM,23.773,,,
6279,06/06/24 04:20:00 AM,23.869,,,
6280,06/06/24 04:30:00 AM,23.966,,,
6281,06/06/24 04:40:00 AM,23.966,,,
6282,06/06/24 04:50:00 AM,24.158,,,
6283,06/06/24 05:00:00 AM,24.158,,,
6284,06/06/24 05:10:00 AM,24.158,,,
6285,06/06/24 05:20:00 AM,24.062,,,
6286,06/06/24 05:30:00 AM,24.062,,,
6287,06/06/24 05:40:00 AM,24.062,,,
6288,06/06/24 05:50:00 AM,24.062,,,
6289,06/06/24 06:00:00 AM,24.158,,,
6290,06/06/24 06:10:00 AM,24.158,,,
6291,06/06/24 06:20:00 AM,23.869,,,
6292,06/06/24 06:30:00 AM,23.966,,,
6293,06/06/24 06:40:00 AM,23.869,,,
6294,06/06/24 06:50:00 AM,23.773,,,
6295,06/06/24 07:00:00 AM,23.773,,,
6296,06/06/24 07:10:00 AM,23.773,,,
6297,06/06/24 07:20:00 AM,23.773,,,
6298,06/06/24 07:30:00 AM,23.869,,,
6299,06/06/24 07:40:00 AM,23.966,,,
6300,06/06/24 07:50:00 AM,23.966,,,
6301,06/06/24 08:00:00 AM,23.966,,,
6302,06/06/24 08:10:00 AM,24.062,,,
6303,06/06/24 08:20:00 AM,23.966,,,
6304,06/06/24 08:30:00 AM,23.966,,,
6305,06/06/24 08:40:00 AM,24.062,,,
6306,06/06/24 08:50:00 AM,24.062,,,
6307,06/06/24 09:00:00 AM,23.869,,,
6308,06/06/24 09:10:00 AM,23.869,,,
6309,06/06/24 09:20:00 AM,23.966,,,
6310,06/06/24 09:30:00 AM,23.869,,,
6311,06/06/24 09:40:00 AM,24.158,,,
6312,06/06/24 09:50:00 AM,24.062,,,
6313,06/06/24 10:00:00 AM,23.966,,,
6314,06/06/24 10:10:00 AM,24.158,,,
6315,06/06/24 10:20:00 AM,23.966,,,
6316,06/06/24 10:30:00 AM,23.966,,,
6317,06/06/24 10:40:00 AM,23.966,,,
6318,06/06/24 10:50:00 AM,23.966,,,
6319,06/06/24 11:00:00 AM,24.062,,,
6320,06/06/24 11:10:00 AM,24.158,,,
6321,06/06/24 11:20:00 AM,24.351,,,
6322,06/06/24 11:30:00 AM,24.351,,,
6323,06/06/24 11:40:00 AM,24.351,,,
6324,06/06/24 11:50:00 AM,24.448,,,
6325,06/06/24 12:00:00 PM,24.351,,,
6326,06/06/24 12:10:00 PM,24.448,,,
6327,06/06/24 12:20:00 PM,24.351,,,
6328,06/06/24 12:30:00 PM,24.351,,,
6329,06/06/24 12:40:00 PM,24.255,,,
6330,06/06/24 12:50:00 PM,24.255,,,
6331,06/06/24 01:00:00 PM,24.255,,,
6332,06/06/24 01:10:00 PM,24.255,,,
6333,06/06/24 01:20:00 PM,24.255,,,
6334,06/06/24 01:30:00 PM,24.158,,,
6335,06/06/24 01:40:00 PM,24.255,,,
6336,06/06/24 01:50:00 PM,24.255,,,
6337,06/06/24 02:00:00 PM,24.255,,,
6338,06/06/24 02:10:00 PM,24.351,,,
6339,06/06/24 02:20:00 PM,24.255,,,
6340,06/06/24 02:30:00 PM,24.351,,,
6341,06/06/24 02:40:00 PM,24.351,,,
6342,06/06/24 02:50:00 PM,24.351,,,
6343,06/06/24 03:00:00 PM,24.448,,,
6344,06/06/24 03:10:00 PM,24.448,,,
6345,06/06/24 03:20:00 PM,24.351,,,
6346,06/06/24 03:30:00 PM,24.545,,,
6347,06/06/24 03:40:00 PM,24.545,,,
6348,06/06/24 03:50:00 PM,24.448,,,
6349,06/06/24 04:00:00 PM,24.545,,,
6350,06/06/24 04:10:00 PM,24.448,,,
6351,06/06/24 04:20:00 PM,24.448,,,
6352,06/06/24 04:30:00 PM,24.448,,,
6353,06/06/24 04:40:00 PM,24.448,,,
6354,06/06/24 04:50:00 PM,24.448,,,
6355,06/06/24 05:00:00 PM,24.545,,,
6356,06/06/24 05:10:00 PM,24.448,,,
6357,06/06/24 05:20:00 PM,24.351,,,
6358,06/06/24 05:30:00 PM,24.351,,,
6359,06/06/24 05:40:00 PM,24.351,,,
6360,06/06/24 05:50:00 PM,24.351,,,
6361,06/06/24 06:00:00 PM,24.255,,,
6362,06/06/24 06:10:00 PM,24.158,,,
6363,06/06/24 06:20:00 PM,24.158,,,
6364,06/06/24 06:30:00 PM,24.062,,,
6365,06/06/24 06:40:00 PM,24.062,,,
6366,06/06/24 06:50:00 PM,24.062,,,
6367,06/06/24 07:00:00 PM,23.966,,,
6368,06/06/24 07:10:00 PM,23.869,,,
6369,06/06/24 07:20:00 PM,23.773,,,
6370,06/06/24 07:30:00 PM,23.869,,,
6371,06/06/24 07:40:00 PM,23.869,,,
6372,06/06/24 07:50:00 PM,23.773,,,
6373,06/06/24 08:00:00 PM,23.581,,,
6374,06/06/24 08:10:00 PM,23.581,,,
6375,06/06/24 08:20:00 PM,23.581,,,
6376,06/06/24 08:30:00 PM,23.581,,,
6377,06/06/24 08:40:00 PM,23.677,,,
6378,06/06/24 08:50:00 PM,23.677,,,
6379,06/06/24 09:00:00 PM,23.677,,,
6380,06/06/24 09:10:00 PM,23.677,,,
6381,06/06/24 09:20:00 PM,23.677,,,
6382,06/06/24 09:30:00 PM,23.773,,,
6383,06/06/24 09:40:00 PM,23.773,,,
6384,06/06/24 09:50:00 PM,23.773,,,
6385,06/06/24 10:00:00 PM,23.773,,,
6386,06/06/24 10:10:00 PM,23.773,,,
6387,06/06/24 10:20:00 PM,23.773,,,
6388,06/06/24 10:30:00 PM,23.773,,,
6389,06/06/24 10:40:00 PM,23.773,,,
6390,06/06/24 10:50:00 PM,23.773,,,
6391,06/06/24 11:00:00 PM,23.773,,,
6392,06/06/24 11:10:00 PM,23.773,,,
6393,06/06/24 11:20:00 PM,23.773,,,
6394,06/06/24 11:30:00 PM,23.773,,,
6395,06/06/24 11:40:00 PM,23.773,,,
6396,06/06/24 11:50:00 PM,23.677,,,
6397,06/07/24 12:00:00 AM,23.773,,,
6398,06/07/24 12:10:00 AM,23.773,,,
6399,06/07/24 12:20:00 AM,23.773,,,
6400,06/07/24 12:30:00 AM,23.773,,,
6401,06/07/24 12:40:00 AM,23.773,,,
6402,06/07/24 12:50:00 AM,23.773,,,
6403,06/07/24 01:00:00 AM,23.677,,,
6404,06/07/24 01:10:00 AM,23.773,,,
6405,06/07/24 01:20:00 AM,23.677,,,
6406,06/07/24 01:30:00 AM,23.677,,,
6407,06/07/24 01:40:00 AM,23.484,,,
6408,06/07/24 01:50:00 AM,23.484,,,
6409,06/07/24 02:00:00 AM,23.388,,,
6410,06/07/24 02:10:00 AM,23.581,,,
6411,06/07/24 02:20:00 AM,23.484,,,
6412,06/07/24 02:30:00 AM,23.677,,,
6413,06/07/24 02:40:00 AM,23.484,,,
6414,06/07/24 02:50:00 AM,23.484,,,
6415,06/07/24 03:00:00 AM,23.484,,,
6416,06/07/24 03:10:00 AM,23.388,,,
6417,06/07/24 03:20:00 AM,23.388,,,
6418,06/07/24 03:30:00 AM,23.388,,,
6419,06/07/24 03:40:00 AM,23.484,,,
6420,06/07/24 03:50:00 AM,23.292,,,
6421,06/07/24 04:00:00 AM,23.388,,,
6422,06/07/24 04:10:00 AM,23.388,,,
6423,06/07/24 04:20:00 AM,23.388,,,
6424,06/07/24 04:30:00 AM,23.388,,,
6425,06/07/24 04:40:00 AM,23.388,,,
6426,06/07/24 04:50:00 AM,23.388,,,
6427,06/07/24 05:00:00 AM,23.292,,,
6428,06/07/24 05:10:00 AM,23.292,,,
6429,06/07/24 05:20:00 AM,23.388,,,
6430,06/07/24 05:30:00 AM,23.484,,,
6431,06/07/24 05:40:00 AM,23.388,,,
6432,06/07/24 05:50:00 AM,23.388,,,
6433,06/07/24 06:00:00 AM,23.196,,,
6434,06/07/24 06:10:00 AM,23.196,,,
6435,06/07/24 06:20:00 AM,23.292,,,
6436,06/07/24 06:30:00 AM,23.388,,,
6437,06/07/24 06:40:00 AM,23.388,,,
6438,06/07/24 06:50:00 AM,23.292,,,
6439,06/07/24 07:00:00 AM,23.388,,,
6440,06/07/24 07:10:00 AM,23.292,,,
6441,06/07/24 07:20:00 AM,23.292,,,
6442,06/07/24 07:30:00 AM,23.292,,,
6443,06/07/24 07:40:00 AM,23.196,,,
6444,06/07/24 07:50:00 AM,23.004,,,
6445,06/07/24 08:00:00 AM,23.292,,,
6446,06/07/24 08:10:00 AM,23.196,,,
6447,06/07/24 08:20:00 AM,23.292,,,
6448,06/07/24 08:30:00 AM,23.292,,,
6449,06/07/24 08:40:00 AM,23.292,,,
6450,06/07/24 08:50:00 AM,23.292,,,
6451,06/07/24 09:00:00 AM,23.388,,,
6452,06/07/24 09:10:00 AM,23.388,,,
6453,06/07/24 09:20:00 AM,23.388,,,
6454,06/07/24 09:30:00 AM,23.196,,,
6455,06/07/24 09:40:00 AM,23.196,,,
6456,06/07/24 09:50:00 AM,23.388,,,
6457,06/07/24 10:00:00 AM,23.388,,,
6458,06/07/24 10:10:00 AM,23.388,,,
6459,06/07/24 10:20:00 AM,23.388,,,
6460,06/07/24 10:30:00 AM,23.581,,,
6461,06/07/24 10:40:00 AM,23.581,,,
6462,06/07/24 10:50:00 AM,23.677,,,
6463,06/07/24 11:00:00 AM,23.773,,,
6464,06/07/24 11:10:00 AM,23.773,,,
6465,06/07/24 11:20:00 AM,23.869,,,
6466,06/07/24 11:30:00 AM,23.869,,,
6467,06/07/24 11:40:00 AM,24.062,,,
6468,06/07/24 11:50:00 AM,24.255,,,
6469,06/07/24 12:00:00 PM,24.255,,,
6470,06/07/24 12:10:00 PM,24.351,,,
6471,06/07/24 12:20:00 PM,24.351,,,
6472,06/07/24 12:30:00 PM,24.351,,,
6473,06/07/24 12:40:00 PM,24.351,,,
6474,06/07/24 12:50:00 PM,24.351,,,
6475,06/07/24 01:00:00 PM,24.351,,,
6476,06/07/24 01:10:00 PM,24.351,,,
6477,06/07/24 01:20:00 PM,24.351,,,
6478,06/07/24 01:30:00 PM,24.448,,,
6479,06/07/24 01:40:00 PM,24.545,,,
6480,06/07/24 01:50:00 PM,24.545,,,
6481,06/07/24 02:00:00 PM,24.545,,,
6482,06/07/24 02:10:00 PM,24.545,,,
6483,06/07/24 02:20:00 PM,24.545,,,
6484,06/07/24 02:30:00 PM,24.545,,,
6485,06/07/24 02:40:00 PM,24.545,,,
6486,06/07/24 02:50:00 PM,24.641,,,
6487,06/07/24 03:00:00 PM,24.641,,,
6488,06/07/24 03:10:00 PM,24.545,,,
6489,06/07/24 03:20:00 PM,24.641,,,
6490,06/07/24 03:30:00 PM,24.641,,,
6491,06/07/24 03:40:00 PM,24.641,,,
6492,06/07/24 03:50:00 PM,24.641,,,
6493,06/07/24 04:00:00 PM,24.641,,,
6494,06/07/24 04:10:00 PM,24.641,,,
6495,06/07/24 04:20:00 PM,24.641,,,
6496,06/07/24 04:30:00 PM,24.641,,,
6497,06/07/24 04:40:00 PM,24.641,,,
6498,06/07/24 04:50:00 PM,24.641,,,
6499,06/07/24 05:00:00 PM,24.641,,,
6500,06/07/24 05:10:00 PM,24.641,,,
6501,06/07/24 05:20:00 PM,24.641,,,
6502,06/07/24 05:30:00 PM,24.738,,,
6503,06/07/24 05:40:00 PM,24.738,,,
6504,06/07/24 05:50:00 PM,24.641,,,
6505,06/07/24 06:00:00 PM,24.641,,,
6506,06/07/24 06:10:00 PM,24.641,,,
6507,06/07/24 06:20:00 PM,24.641,,,
6508,06/07/24 06:30:00 PM,24.545,,,
6509,06/07/24 06:40:00 PM,24.545,,,
6510,06/07/24 06:50:00 PM,24.641,,,
6511,06/07/24 07:00:00 PM,24.641,,,
6512,06/07/24 07:10:00 PM,24.641,,,
6513,06/07/24 07:20:00 PM,24.545,,,
6514,06/07/24 07:30:00 PM,24.545,,,
6515,06/07/24 07:40:00 PM,24.545,,,
6516,06/07/24 07:50:00 PM,24.545,,,
6517,06/07/24 08:00:00 PM,24.545,,,
6518,06/07/24 08:10:00 PM,24.448,,,
6519,06/07/24 08:20:00 PM,24.545,,,
6520,06/07/24 08:30:00 PM,24.448,,,
6521,06/07/24 08:40:00 PM,24.448,,,
6522,06/07/24 08:50:00 PM,24.545,,,
6523,06/07/24 09:00:00 PM,24.545,,,
6524,06/07/24 09:10:00 PM,24.641,,,
6525,06/07/24 09:20:00 PM,24.641,,,
6526,06/07/24 09:30:00 PM,24.545,,,
6527,06/07/24 09:40:00 PM,24.545,,,
6528,06/07/24 09:50:00 PM,24.545,,,
6529,06/07/24 10:00:00 PM,24.545,,,
6530,06/07/24 10:10:00 PM,24.545,,,
6531,06/07/24 10:20:00 PM,24.545,,,
6532,06/07/24 10:30:00 PM,24.545,,,
6533,06/07/24 10:40:00 PM,24.545,,,
6534,06/07/24 10:50:00 PM,24.545,,,
6535,06/07/24 11:00:00 PM,24.448,,,
6536,06/07/24 11:10:00 PM,24.448,,,
6537,06/07/24 11:20:00 PM,24.448,,,
6538,06/07/24 11:30:00 PM,24.448,,,
6539,06/07/24 11:40:00 PM,24.351,,,
6540,06/07/24 11:50:00 PM,24.448,,,
6541,06/08/24 12:00:00 AM,24.351,,,
6542,06/08/24 12:10:00 AM,24.351,,,
6543,06/08/24 12:20:00 AM,24.351,,,
6544,06/08/24 12:30:00 AM,24.255,,,
6545,06/08/24 12:40:00 AM,24.255,,,
6546,06/08/24 12:50:00 AM,24.255,,,
6547,06/08/24 01:00:00 AM,24.158,,,
6548,06/08/24 01:10:00 AM,24.255,,,
6549,06/08/24 01:20:00 AM,24.158,,,
6550,06/08/24 01:30:00 AM,24.158,,,
6551,06/08/24 01:40:00 AM,24.062,,,
6552,06/08/24 01:50:00 AM,24.062,,,
6553,06/08/24 02:00:00 AM,24.062,,,
6554,06/08/24 02:10:00 AM,23.966,,,
6555,06/08/24 02:20:00 AM,23.966,,,
6556,06/08/24 02:30:00 AM,23.869,,,
6557,06/08/24 02:40:00 AM,23.869,,,
6558,06/08/24 02:50:00 AM,23.773,,,
6559,06/08/24 03:00:00 AM,23.773,,,
6560,06/08/24 03:10:00 AM,23.677,,,
6561,06/08/24 03:20:00 AM,23.581,,,
6562,06/08/24 03:30:00 AM,23.581,,,
6563,06/08/24 03:40:00 AM,23.581,,,
6564,06/08/24 03:50:00 AM,23.484,,,
6565,06/08/24 04:00:00 AM,23.388,,,
6566,06/08/24 04:10:00 AM,23.292,,,
6567,06/08/24 04:20:00 AM,23.292,,,
6568,06/08/24 04:30:00 AM,23.292,,,
6569,06/08/24 04:40:00 AM,23.388,,,
6570,06/08/24 04:50:00 AM,23.196,,,
6571,06/08/24 05:00:00 AM,23.100,,,
6572,06/08/24 05:10:00 AM,23.100,,,
6573,06/08/24 05:20:00 AM,23.100,,,
6574,06/08/24 05:30:00 AM,23.196,,,
6575,06/08/24 05:40:00 AM,23.100,,,
6576,06/08/24 05:50:00 AM,23.100,,,
6577,06/08/24 06:00:00 AM,23.004,,,
6578,06/08/24 06:10:00 AM,23.292,,,
6579,06/08/24 06:20:00 AM,23.004,,,
6580,06/08/24 06:30:00 AM,23.196,,,
6581,06/08/24 06:40:00 AM,23.100,,,
6582,06/08/24 06:50:00 AM,23.004,,,
6583,06/08/24 07:00:00 AM,23.100,,,
6584,06/08/24 07:10:00 AM,23.100,,,
6585,06/08/24 07:20:00 AM,23.004,,,
6586,06/08/24 07:30:00 AM,23.004,,,
6587,06/08/24 07:40:00 AM,23.004,,,
6588,06/08/24 07:50:00 AM,23.004,,,
6589,06/08/24 08:00:00 AM,23.004,,,
6590,06/08/24 08:10:00 AM,23.004,,,
6591,06/08/24 08:20:00 AM,23.100,,,
6592,06/08/24 08:30:00 AM,23.004,,,
6593,06/08/24 08:40:00 AM,23.100,,,
6594,06/08/24 08:50:00 AM,23.100,,,
6595,06/08/24 09:00:00 AM,23.196,,,
6596,06/08/24 09:10:00 AM,23.196,,,
6597,06/08/24 09:20:00 AM,23.292,,,
6598,06/08/24 09:30:00 AM,23.388,,,
6599,06/08/24 09:40:00 AM,23.388,,,
6600,06/08/24 09:50:00 AM,23.484,,,
6601,06/08/24 10:00:00 AM,23.677,,,
6602,06/08/24 10:10:00 AM,23.484,,,
6603,06/08/24 10:20:00 AM,23.581,,,
6604,06/08/24 10:30:00 AM,23.869,,,
6605,06/08/24 10:40:00 AM,23.869,,,
6606,06/08/24 10:50:00 AM,24.158,,,
6607,06/08/24 11:00:00 AM,24.255,,,
6608,06/08/24 11:10:00 AM,24.158,,,
6609,06/08/24 11:20:00 AM,24.158,,,
6610,06/08/24 11:30:00 AM,24.351,,,
6611,06/08/24 11:40:00 AM,24.255,,,
6612,06/08/24 11:50:00 AM,24.448,,,
6613,06/08/24 12:00:00 PM,24.448,,,
6614,06/08/24 12:10:00 PM,24.641,,,
6615,06/08/24 12:20:00 PM,24.738,,,
6616,06/08/24 12:30:00 PM,24.738,,,
6617,06/08/24 12:40:00 PM,24.738,,,
6618,06/08/24 12:50:00 PM,24.931,,,
6619,06/08/24 01:00:00 PM,24.835,,,
6620,06/08/24 01:10:00 PM,24.835,,,
6621,06/08/24 01:20:00 PM,24.931,,,
6622,06/08/24 01:30:00 PM,24.931,,,
6623,06/08/24 01:40:00 PM,25.222,,,
6624,06/08/24 01:50:00 PM,25.222,,,
6625,06/08/24 02:00:00 PM,25.222,,,
6626,06/08/24 02:10:00 PM,25.319,,,
6627,06/08/24 02:20:00 PM,25.222,,,
6628,06/08/24 02:30:00 PM,25.222,,,
6629,06/08/24 02:40:00 PM,25.222,,,
6630,06/08/24 02:50:00 PM,25.222,,,
6631,06/08/24 03:00:00 PM,25.125,,,
6632,06/08/24 03:10:00 PM,25.125,,,
6633,06/08/24 03:20:00 PM,25.125,,,
6634,06/08/24 03:30:00 PM,25.125,,,
6635,06/08/24 03:40:00 PM,25.125,,,
6636,06/08/24 03:50:00 PM,24.931,,,
6637,06/08/24 04:00:00 PM,24.931,,,
6638,06/08/24 04:10:00 PM,25.222,,,
6639,06/08/24 04:20:00 PM,25.125,,,
6640,06/08/24 04:30:00 PM,25.222,,,
6641,06/08/24 04:40:00 PM,24.931,,,
6642,06/08/24 04:50:00 PM,25.125,,,
6643,06/08/24 05:00:00 PM,25.125,,,
6644,06/08/24 05:10:00 PM,25.125,,,
6645,06/08/24 05:20:00 PM,25.125,,,
6646,06/08/24 05:30:00 PM,25.125,,,
6647,06/08/24 05:40:00 PM,25.125,,,
6648,06/08/24 05:50:00 PM,25.125,,,
6649,06/08/24 06:00:00 PM,25.319,,,
6650,06/08/24 06:10:00 PM,25.222,,,
6651,06/08/24 06:20:00 PM,25.222,,,
6652,06/08/24 06:30:00 PM,25.222,,,
6653,06/08/24 06:40:00 PM,25.222,,,
6654,06/08/24 06:50:00 PM,25.222,,,
6655,06/08/24 07:00:00 PM,25.222,,,
6656,06/08/24 07:10:00 PM,25.222,,,
6657,06/08/24 07:20:00 PM,25.125,,,
6658,06/08/24 07:30:00 PM,25.222,,,
6659,06/08/24 07:40:00 PM,25.222,,,
6660,06/08/24 07:50:00 PM,25.222,,,
6661,06/08/24 08:00:00 PM,25.222,,,
6662,06/08/24 08:10:00 PM,25.125,,,
6663,06/08/24 08:20:00 PM,25.125,,,
6664,06/08/24 08:30:00 PM,25.125,,,
6665,06/08/24 08:40:00 PM,25.125,,,
6666,06/08/24 08:50:00 PM,25.125,,,
6667,06/08/24 09:00:00 PM,25.125,,,
6668,06/08/24 09:10:00 PM,24.931,,,
6669,06/08/24 09:20:00 PM,24.931,,,
6670,06/08/24 09:30:00 PM,24.931,,,
6671,06/08/24 09:40:00 PM,24.931,,,
6672,06/08/24 09:50:00 PM,24.931,,,
6673,06/08/24 10:00:00 PM,24.931,,,
6674,06/08/24 10:10:00 PM,24.931,,,
6675,06/08/24 10:20:00 PM,24.931,,,
6676,06/08/24 10:30:00 PM,24.931,,,
6677,06/08/24 10:40:00 PM,25.125,,,
6678,06/08/24 10:50:00 PM,24.931,,,
6679,06/08/24 11:00:00 PM,24.931,,,
6680,06/08/24 11:10:00 PM,24.931,,,
6681,06/08/24 11:20:00 PM,24.931,,,
6682,06/08/24 11:30:00 PM,24.931,,,
6683,06/08/24 11:40:00 PM,24.931,,,
6684,06/08/24 11:50:00 PM,24.931,,,
6685,06/09/24 12:00:00 AM,24.931,,,
6686,06/09/24 12:10:00 AM,24.931,,,
6687,06/09/24 12:20:00 AM,24.931,,,
6688,06/09/24 12:30:00 AM,24.835,,,
6689,06/09/24 12:40:00 AM,24.738,,,
6690,06/09/24 12:50:00 AM,24.738,,,
6691,06/09/24 01:00:00 AM,24.835,,,
6692,06/09/24 01:10:00 AM,24.738,,,
6693,06/09/24 01:20:00 AM,24.738,,,
6694,06/09/24 01:30:00 AM,24.641,,,
6695,06/09/24 01:40:00 AM,24.641,,,
6696,06/09/24 01:50:00 AM,24.641,,,
6697,06/09/24 02:00:00 AM,24.641,,,
6698,06/09/24 02:10:00 AM,24.545,,,
6699,06/09/24 02:20:00 AM,24.545,,,
6700,06/09/24 02:30:00 AM,24.545,,,
6701,06/09/24 02:40:00 AM,24.448,,,
6702,06/09/24 02:50:00 AM,24.351,,,
6703,06/09/24 03:00:00 AM,24.351,,,
6704,06/09/24 03:10:00 AM,24.255,,,
6705,06/09/24 03:20:00 AM,24.255,,,
6706,06/09/24 03:30:00 AM,24.158,,,
6707,06/09/24 03:40:00 AM,24.158,,,
6708,06/09/24 03:50:00 AM,24.158,,,
6709,06/09/24 04:00:00 AM,24.062,,,
6710,06/09/24 04:10:00 AM,24.062,,,
6711,06/09/24 04:20:00 AM,24.062,,,
6712,06/09/24 04:30:00 AM,24.062,,,
6713,06/09/24 04:40:00 AM,23.966,,,
6714,06/09/24 04:50:00 AM,23.966,,,
6715,06/09/24 05:00:00 AM,23.869,,,
6716,06/09/24 05:10:00 AM,23.966,,,
6717,06/09/24 05:20:00 AM,23.966,,,
6718,06/09/24 05:30:00 AM,23.966,,,
6719,06/09/24 05:40:00 AM,23.773,,,
6720,06/09/24 05:50:00 AM,23.773,,,
6721,06/09/24 06:00:00 AM,23.773,,,
6722,06/09/24 06:10:00 AM,23.677,,,
6723,06/09/24 06:20:00 AM,23.677,,,
6724,06/09/24 06:30:00 AM,23.581,,,
6725,06/09/24 06:40:00 AM,23.677,,,
6726,06/09/24 06:50:00 AM,23.581,,,
6727,06/09/24 07:00:00 AM,23.484,,,
6728,06/09/24 07:10:00 AM,23.484,,,
6729,06/09/24 07:20:00 AM,23.484,,,
6730,06/09/24 07:30:00 AM,23.581,,,
6731,06/09/24 07:40:00 AM,23.677,,,
6732,06/09/24 07:50:00 AM,23.484,,,
6733,06/09/24 08:00:00 AM,23.581,,,
6734,06/09/24 08:10:00 AM,23.484,,,
6735,06/09/24 08:20:00 AM,23.484,,,
6736,06/09/24 08:30:00 AM,23.388,,,
6737,06/09/24 08:40:00 AM,23.484,,,
6738,06/09/24 08:50:00 AM,23.773,,,
6739,06/09/24 09:00:00 AM,23.869,,,
6740,06/09/24 09:10:00 AM,23.966,,,
6741,06/09/24 09:20:00 AM,23.966,,,
6742,06/09/24 09:30:00 AM,24.062,,,
6743,06/09/24 09:40:00 AM,23.966,,,
6744,06/09/24 09:50:00 AM,24.158,,,
6745,06/09/24 10:00:00 AM,23.966,,,
6746,06/09/24 10:10:00 AM,23.966,,,
6747,06/09/24 10:20:00 AM,23.966,,,
6748,06/09/24 10:30:00 AM,24.062,,,
6749,06/09/24 10:40:00 AM,24.255,,,
6750,06/09/24 10:50:00 AM,24.158,,,
6751,06/09/24 11:00:00 AM,24.351,,,
6752,06/09/24 11:10:00 AM,24.158,,,
6753,06/09/24 11:20:00 AM,24.448,,,
6754,06/09/24 11:30:00 AM,24.545,,,
6755,06/09/24 11:40:00 AM,24.738,,,
6756,06/09/24 11:50:00 AM,24.641,,,
6757,06/09/24 12:00:00 PM,24.738,,,
6758,06/09/24 12:10:00 PM,24.738,,,
6759,06/09/24 12:20:00 PM,24.835,,,
6760,06/09/24 12:30:00 PM,24.931,,,
6761,06/09/24 12:40:00 PM,24.835,,,
6762,06/09/24 12:50:00 PM,24.931,,,
6763,06/09/24 01:00:00 PM,24.931,,,
6764,06/09/24 01:10:00 PM,24.931,,,
6765,06/09/24 01:20:00 PM,24.931,,,
6766,06/09/24 01:30:00 PM,25.125,,,
6767,06/09/24 01:40:00 PM,25.222,,,
6768,06/09/24 01:50:00 PM,25.125,,,
6769,06/09/24 02:00:00 PM,25.125,,,
6770,06/09/24 02:10:00 PM,25.319,,,
6771,06/09/24 02:20:00 PM,25.319,,,
6772,06/09/24 02:30:00 PM,25.319,,,
6773,06/09/24 02:40:00 PM,25.319,,,
6774,06/09/24 02:50:00 PM,25.125,,,
6775,06/09/24 03:00:00 PM,25.222,,,
6776,06/09/24 03:10:00 PM,25.319,,,
6777,06/09/24 03:20:00 PM,25.319,,,
6778,06/09/24 03:30:00 PM,25.319,,,
6779,06/09/24 03:40:00 PM,25.319,,,
6780,06/09/24 03:50:00 PM,25.319,,,
6781,06/09/24 04:00:00 PM,25.319,,,
6782,06/09/24 04:10:00 PM,25.319,,,
6783,06/09/24 04:20:00 PM,25.319,,,
6784,06/09/24 04:30:00 PM,25.319,,,
6785,06/09/24 04:40:00 PM,25.319,,,
6786,06/09/24 04:50:00 PM,25.125,,,
6787,06/09/24 05:00:00 PM,24.738,,,
6788,06/09/24 05:10:00 PM,24.448,,,
6789,06/09/24 05:20:00 PM,24.255,,,
6790,06/09/24 05:30:00 PM,24.351,,,
6791,06/09/24 05:40:00 PM,24.351,,,
6792,06/09/24 05:50:00 PM,24.351,,,
6793,06/09/24 06:00:00 PM,24.351,,,
6794,06/09/24 06:10:00 PM,24.351,,,
6795,06/09/24 06:20:00 PM,24.255,,,
6796,06/09/24 06:30:00 PM,24.255,,,
6797,06/09/24 06:40:00 PM,24.351,,,
6798,06/09/24 06:50:00 PM,24.448,,,
6799,06/09/24 07:00:00 PM,24.545,,,
6800,06/09/24 07:10:00 PM,24.448,,,
6801,06/09/24 07:20:00 PM,24.448,,,
6802,06/09/24 07:30:00 PM,24.545,,,
6803,06/09/24 07:40:00 PM,24.545,,,
6804,06/09/24 07:50:00 PM,24.641,,,
6805,06/09/24 08:00:00 PM,24.738,,,
6806,06/09/24 08:10:00 PM,24.641,,,
6807,06/09/24 08:20:00 PM,24.738,,,
6808,06/09/24 08:30:00 PM,24.738,,,
6809,06/09/24 08:40:00 PM,24.835,,,
6810,06/09/24 08:50:00 PM,24.835,,,
6811,06/09/24 09:00:00 PM,24.931,,,
6812,06/09/24 09:10:00 PM,24.931,,,
6813,06/09/24 09:20:00 PM,24.931,,,
6814,06/09/24 09:30:00 PM,24.931,,,
6815,06/09/24 09:40:00 PM,24.931,,,
6816,06/09/24 09:50:00 PM,25.125,,,
6817,06/09/24 10:00:00 PM,25.125,,,
6818,06/09/24 10:10:00 PM,25.125,,,
6819,06/09/24 10:20:00 PM,24.931,,,
6820,06/09/24 10:30:00 PM,24.931,,,
6821,06/09/24 10:40:00 PM,24.931,,,
6822,06/09/24 10:50:00 PM,24.931,,,
6823,06/09/24 11:00:00 PM,24.931,,,
6824,06/09/24 11:10:00 PM,24.931,,,
6825,06/09/24 11:20:00 PM,24.931,,,
6826,06/09/24 11:30:00 PM,24.931,,,
6827,06/09/24 11:40:00 PM,24.835,,,
6828,06/09/24 11:50:00 PM,24.738,,,
6829,06/10/24 12:00:00 AM,24.835,,,
6830,06/10/24 12:10:00 AM,24.738,,,
6831,06/10/24 12:20:00 AM,24.738,,,
6832,06/10/24 12:30:00 AM,24.738,,,
6833,06/10/24 12:40:00 AM,24.738,,,
6834,06/10/24 12:50:00 AM,24.641,,,
6835,06/10/24 01:00:00 AM,24.545,,,
6836,06/10/24 01:10:00 AM,24.545,,,
6837,06/10/24 01:20:00 AM,24.351,,,
6838,06/10/24 01:30:00 AM,24.448,,,
6839,06/10/24 01:40:00 AM,24.448,,,
6840,06/10/24 01:50:00 AM,24.448,,,
6841,06/10/24 02:00:00 AM,24.351,,,
6842,06/10/24 02:10:00 AM,24.351,,,
6843,06/10/24 02:20:00 AM,24.255,,,
6844,06/10/24 02:30:00 AM,24.351,,,
6845,06/10/24 02:40:00 AM,24.158,,,
6846,06/10/24 02:50:00 AM,24.158,,,
6847,06/10/24 03:00:00 AM,24.158,,,
6848,06/10/24 03:10:00 AM,24.062,,,
6849,06/10/24 03:20:00 AM,24.062,,,
6850,06/10/24 03:30:00 AM,24.062,,,
6851,06/10/24 03:40:00 AM,24.062,,,
6852,06/10/24 03:50:00 AM,24.062,,,
6853,06/10/24 04:00:00 AM,23.966,,,
6854,06/10/24 04:10:00 AM,23.966,,,
6855,06/10/24 04:20:00 AM,23.966,,,
6856,06/10/24 04:30:00 AM,23.869,,,
6857,06/10/24 04:40:00 AM,23.869,,,
6858,06/10/24 04:50:00 AM,23.773,,,
6859,06/10/24 05:00:00 AM,23.677,,,
6860,06/10/24 05:10:00 AM,23.677,,,
6861,06/10/24 05:20:00 AM,23.581,,,
6862,06/10/24 05:30:00 AM,23.677,,,
6863,06/10/24 05:40:00 AM,23.581,,,
6864,06/10/24 05:50:00 AM,23.581,,,
6865,06/10/24 06:00:00 AM,23.581,,,
6866,06/10/24 06:10:00 AM,23.677,,,
6867,06/10/24 06:20:00 AM,23.677,,,
6868,06/10/24 06:30:00 AM,23.484,,,
6869,06/10/24 06:40:00 AM,23.388,,,
6870,06/10/24 06:50:00 AM,23.388,,,
6871,06/10/24 07:00:00 AM,23.388,,,
6872,06/10/24 07:10:00 AM,23.388,,,
6873,06/10/24 07:20:00 AM,23.484,,,
6874,06/10/24 07:30:00 AM,23.581,,,
6875,06/10/24 07:40:00 AM,23.484,,,
6876,06/10/24 07:50:00 AM,23.581,,,
6877,06/10/24 08:00:00 AM,23.677,,,
6878,06/10/24 08:10:00 AM,23.677,,,
6879,06/10/24 08:20:00 AM,23.773,,,
6880,06/10/24 08:30:00 AM,23.869,,,
6881,06/10/24 08:40:00 AM,23.869,,,
6882,06/10/24 08:50:00 AM,23.869,,,
6883,06/10/24 09:00:00 AM,23.966,,,
6884,06/10/24 09:10:00 AM,24.062,,,
6885,06/10/24 09:20:00 AM,24.158,,,
6886,06/10/24 09:30:00 AM,24.158,,,
6887,06/10/24 09:40:00 AM,24.158,,,
6888,06/10/24 09:50:00 AM,24.255,,,
6889,06/10/24 10:00:00 AM,24.351,,,
6890,06/10/24 10:10:00 AM,24.255,,,
6891,06/10/24 10:20:00 AM,24.448,,,
6892,06/10/24 10:30:00 AM,24.448,,,
6893,06/10/24 10:40:00 AM,24.351,,,
6894,06/10/24 10:50:00 AM,24.448,,,
6895,06/10/24 11:00:00 AM,24.448,,,
6896,06/10/24 11:10:00 AM,24.545,,,
6897,06/10/24 11:20:00 AM,24.545,,,
6898,06/10/24 11:30:00 AM,24.738,,,
6899,06/10/24 11:40:00 AM,24.641,,,
6900,06/10/24 11:50:00 AM,24.835,,,
6901,06/10/24 12:00:00 PM,24.931,,,
6902,06/10/24 12:10:00 PM,24.835,,,
6903,06/10/24 12:20:00 PM,25.125,,,
6904,06/10/24 12:30:00 PM,24.931,,,
6905,06/10/24 12:40:00 PM,24.931,,,
6906,06/10/24 12:50:00 PM,25.125,,,
6907,06/10/24 01:00:00 PM,24.931,,,
6908,06/10/24 01:10:00 PM,24.931,,,
6909,06/10/24 01:20:00 PM,24.931,,,
6910,06/10/24 01:30:00 PM,24.931,,,
6911,06/10/24 01:40:00 PM,24.931,,,
6912,06/10/24 01:50:00 PM,24.931,,,
6913,06/10/24 02:00:00 PM,24.931,,,
6914,06/10/24 02:10:00 PM,24.931,,,
6915,06/10/24 02:20:00 PM,24.931,,,
6916,06/10/24 02:30:00 PM,24.931,,,
6917,06/10/24 02:40:00 PM,25.028,,,
6918,06/10/24 02:50:00 PM,24.931,,,
6919,06/10/24 03:00:00 PM,24.931,,,
6920,06/10/24 03:10:00 PM,24.931,,,
6921,06/10/24 03:20:00 PM,24.931,,,
6922,06/10/24 03:30:00 PM,24.931,,,
6923,06/10/24 03:40:00 PM,24.931,,,
6924,06/10/24 03:50:00 PM,24.931,,,
6925,06/10/24 04:00:00 PM,24.931,,,
6926,06/10/24 04:10:00 PM,24.931,,,
6927,06/10/24 04:20:00 PM,24.931,,,
6928,06/10/24 04:30:00 PM,24.931,,,
6929,06/10/24 04:40:00 PM,24.931,,,
6930,06/10/24 04:50:00 PM,24.931,,,
6931,06/10/24 05:00:00 PM,24.931,,,
6932,06/10/24 05:10:00 PM,24.931,,,
6933,06/10/24 05:20:00 PM,24.931,,,
6934,06/10/24 05:30:00 PM,24.931,,,
6935,06/10/24 05:40:00 PM,24.931,,,
6936,06/10/24 05:50:00 PM,24.931,,,
6937,06/10/24 06:00:00 PM,24.931,,,
6938,06/10/24 06:10:00 PM,24.931,,,
6939,06/10/24 06:20:00 PM,24.931,,,
6940,06/10/24 06:30:00 PM,24.931,,,
6941,06/10/24 06:40:00 PM,24.931,,,
6942,06/10/24 06:50:00 PM,24.931,,,
6943,06/10/24 07:00:00 PM,24.931,,,
6944,06/10/24 07:10:00 PM,24.931,,,
6945,06/10/24 07:20:00 PM,24.931,,,
6946,06/10/24 07:30:00 PM,24.931,,,
6947,06/10/24 07:40:00 PM,24.931,,,
6948,06/10/24 07:50:00 PM,24.931,,,
6949,06/10/24 08:00:00 PM,24.931,,,
6950,06/10/24 08:10:00 PM,24.931,,,
6951,06/10/24 08:20:00 PM,24.931,,,
6952,06/10/24 08:30:00 PM,24.931,,,
6953,06/10/24 08:40:00 PM,24.931,,,
6954,06/10/24 08:50:00 PM,24.931,,,
6955,06/10/24 09:00:00 PM,24.931,,,
6956,06/10/24 09:10:00 PM,24.835,,,
6957,06/10/24 09:20:00 PM,24.835,,,
6958,06/10/24 09:30:00 PM,24.835,,,
6959,06/10/24 09:40:00 PM,24.835,,,
6960,06/10/24 09:50:00 PM,24.835,,,
6961,06/10/24 10:00:00 PM,24.835,,,
6962,06/10/24 10:10:00 PM,24.835,,,
6963,06/10/24 10:20:00 PM,24.835,,,
6964,06/10/24 10:30:00 PM,24.738,,,
6965,06/10/24 10:40:00 PM,24.738,,,
6966,06/10/24 10:50:00 PM,24.738,,,
6967,06/10/24 11:00:00 PM,24.738,,,
6968,06/10/24 11:10:00 PM,24.545,,,
6969,06/10/24 11:20:00 PM,24.545,,,
6970,06/10/24 11:30:00 PM,24.545,,,
6971,06/10/24 11:40:00 PM,24.641,,,
6972,06/10/24 11:50:00 PM,24.448,,,
6973,06/11/24 12:00:00 AM,24.448,,,
6974,06/11/24 12:10:00 AM,24.448,,,
6975,06/11/24 12:20:00 AM,24.448,,,
6976,06/11/24 12:30:00 AM,24.448,,,
6977,06/11/24 12:40:00 AM,24.448,,,
6978,06/11/24 12:50:00 AM,24.351,,,
6979,06/11/24 01:00:00 AM,24.255,,,
6980,06/11/24 01:10:00 AM,24.255,,,
6981,06/11/24 01:20:00 AM,24.158,,,
6982,06/11/24 01:30:00 AM,24.158,,,
6983,06/11/24 01:40:00 AM,24.158,,,
6984,06/11/24 01:50:00 AM,24.062,,,
6985,06/11/24 02:00:00 AM,24.062,,,
6986,06/11/24 02:10:00 AM,24.062,,,
6987,06/11/24 02:20:00 AM,24.062,,,
6988,06/11/24 02:30:00 AM,23.966,,,
6989,06/11/24 02:40:00 AM,23.869,,,
6990,06/11/24 02:50:00 AM,23.677,,,
6991,06/11/24 03:00:00 AM,23.773,,,
6992,06/11/24 03:10:00 AM,23.773,,,
6993,06/11/24 03:20:00 AM,23.581,,,
6994,06/11/24 03:30:00 AM,23.581,,,
6995,06/11/24 03:40:00 AM,23.581,,,
6996,06/11/24 03:50:00 AM,23.388,,,
6997,06/11/24 04:00:00 AM,23.581,,,
6998,06/11/24 04:10:00 AM,23.677,,,
6999,06/11/24 04:20:00 AM,23.581,,,
7000,06/11/24 04:30:00 AM,23.388,,,
7001,06/11/24 04:40:00 AM,23.388,,,
7002,06/11/24 04:50:00 AM,23.388,,,
7003,06/11/24 05:00:00 AM,23.388,,,
7004,06/11/24 05:10:00 AM,23.388,,,
7005,06/11/24 05:20:00 AM,23.388,,,
7006,06/11/24 05:30:00 AM,23.388,,,
7007,06/11/24 05:40:00 AM,23.292,,,
7008,06/11/24 05:50:00 AM,23.292,,,
7009,06/11/24 06:00:00 AM,23.388,,,
7010,06/11/24 06:10:00 AM,23.388,,,
7011,06/11/24 06:20:00 AM,23.292,,,
7012,06/11/24 06:30:00 AM,23.292,,,
7013,06/11/24 06:40:00 AM,23.292,,,
7014,06/11/24 06:50:00 AM,23.292,,,
7015,06/11/24 07:00:00 AM,23.292,,,
7016,06/11/24 07:10:00 AM,23.292,,,
7017,06/11/24 07:20:00 AM,23.292,,,
7018,06/11/24 07:30:00 AM,23.292,,,
7019,06/11/24 07:40:00 AM,23.292,,,
7020,06/11/24 07:50:00 AM,23.292,,,
7021,06/11/24 08:00:00 AM,23.292,,,
7022,06/11/24 08:10:00 AM,23.292,,,
7023,06/11/24 08:20:00 AM,23.292,,,
7024,06/11/24 08:30:00 AM,23.292,,,
7025,06/11/24 08:40:00 AM,23.292,,,
7026,06/11/24 08:50:00 AM,23.388,,,
7027,06/11/24 09:00:00 AM,23.388,,,
7028,06/11/24 09:10:00 AM,23.484,,,
7029,06/11/24 09:20:00 AM,23.484,,,
7030,06/11/24 09:30:00 AM,23.388,,,
7031,06/11/24 09:40:00 AM,23.484,,,
7032,06/11/24 09:50:00 AM,23.677,,,
7033,06/11/24 10:00:00 AM,23.677,,,
7034,06/11/24 10:10:00 AM,23.388,,,
7035,06/11/24 10:20:00 AM,23.677,,,
7036,06/11/24 10:30:00 AM,23.966,,,
7037,06/11/24 10:40:00 AM,23.966,,,
7038,06/11/24 10:50:00 AM,24.062,,,
7039,06/11/24 11:00:00 AM,24.062,,,
7040,06/11/24 11:10:00 AM,24.158,,,
7041,06/11/24 11:20:00 AM,24.062,,,
7042,06/11/24 11:30:00 AM,23.966,,,
7043,06/11/24 11:40:00 AM,24.062,,,
7044,06/11/24 11:50:00 AM,24.062,,,
7045,06/11/24 12:00:00 PM,24.255,,,
7046,06/11/24 12:10:00 PM,24.351,,,
7047,06/11/24 12:20:00 PM,24.545,,,
7048,06/11/24 12:30:00 PM,24.545,,,
7049,06/11/24 12:40:00 PM,24.545,,,
7050,06/11/24 12:50:00 PM,24.545,,,
7051,06/11/24 01:00:00 PM,24.738,,,
7052,06/11/24 01:10:00 PM,24.738,,,
7053,06/11/24 01:20:00 PM,24.835,,,
7054,06/11/24 01:30:00 PM,24.931,,,
7055,06/11/24 01:40:00 PM,24.835,,,
7056,06/11/24 01:50:00 PM,24.835,,,
7057,06/11/24 02:00:00 PM,24.931,,,
7058,06/11/24 02:10:00 PM,24.931,,,
7059,06/11/24 02:20:00 PM,24.931,,,
7060,06/11/24 02:30:00 PM,24.931,,,
7061,06/11/24 02:40:00 PM,25.125,,,
7062,06/11/24 02:50:00 PM,25.222,,,
7063,06/11/24 03:00:00 PM,25.222,,,
7064,06/11/24 03:10:00 PM,25.222,,,
7065,06/11/24 03:20:00 PM,25.319,,,
7066,06/11/24 03:30:00 PM,25.319,,,
7067,06/11/24 03:40:00 PM,25.319,,,
7068,06/11/24 03:50:00 PM,25.319,,,
7069,06/11/24 04:00:00 PM,25.319,,,
7070,06/11/24 04:10:00 PM,25.416,,,
7071,06/11/24 04:20:00 PM,25.513,,,
7072,06/11/24 04:30:00 PM,25.513,,,
7073,06/11/24 04:40:00 PM,25.610,,,
7074,06/11/24 04:50:00 PM,25.610,,,
7075,06/11/24 05:00:00 PM,25.513,,,
7076,06/11/24 05:10:00 PM,25.513,,,
7077,06/11/24 05:20:00 PM,25.513,,,
7078,06/11/24 05:30:00 PM,25.513,,,
7079,06/11/24 05:40:00 PM,25.513,,,
7080,06/11/24 05:50:00 PM,25.513,,,
7081,06/11/24 06:00:00 PM,25.610,,,
7082,06/11/24 06:10:00 PM,25.610,,,
7083,06/11/24 06:20:00 PM,25.610,,,
7084,06/11/24 06:30:00 PM,25.610,,,
7085,06/11/24 06:40:00 PM,25.610,,,
7086,06/11/24 06:50:00 PM,25.610,,,
7087,06/11/24 07:00:00 PM,25.610,,,
7088,06/11/24 07:10:00 PM,25.513,,,
7089,06/11/24 07:20:00 PM,25.513,,,
7090,06/11/24 07:30:00 PM,25.513,,,
7091,06/11/24 07:40:00 PM,25.513,,,
7092,06/11/24 07:50:00 PM,25.416,,,
7093,06/11/24 08:00:00 PM,25.416,,,
7094,06/11/24 08:10:00 PM,25.416,,,
7095,06/11/24 08:20:00 PM,25.416,,,
7096,06/11/24 08:30:00 PM,25.416,,,
7097,06/11/24 08:40:00 PM,25.416,,,
7098,06/11/24 08:50:00 PM,25.416,,,
7099,06/11/24 09:00:00 PM,25.416,,,
7100,06/11/24 09:10:00 PM,25.416,,,
7101,06/11/24 09:20:00 PM,25.416,,,
7102,06/11/24 09:30:00 PM,25.416,,,
7103,06/11/24 09:40:00 PM,25.416,,,
7104,06/11/24 09:50:00 PM,25.319,,,
7105,06/11/24 10:00:00 PM,25.319,,,
7106,06/11/24 10:10:00 PM,25.319,,,
7107,06/11/24 10:20:00 PM,25.319,,,
7108,06/11/24 10:30:00 PM,25.319,,,
7109,06/11/24 10:40:00 PM,25.222,,,
7110,06/11/24 10:50:00 PM,25.222,,,
7111,06/11/24 11:00:00 PM,25.222,,,
7112,06/11/24 11:10:00 PM,25.222,,,
7113,06/11/24 11:20:00 PM,25.125,,,
7114,06/11/24 11:30:00 PM,25.125,,,
7115,06/11/24 11:40:00 PM,25.125,,,
7116,06/11/24 11:50:00 PM,25.125,,,
7117,06/12/24 12:00:00 AM,25.125,,,
7118,06/12/24 12:10:00 AM,24.931,,,
7119,06/12/24 12:20:00 AM,24.931,,,
7120,06/12/24 12:30:00 AM,24.931,,,
7121,06/12/24 12:40:00 AM,24.931,,,
7122,06/12/24 12:50:00 AM,24.931,,,
7123,06/12/24 01:00:00 AM,24.835,,,
7124,06/12/24 01:10:00 AM,24.738,,,
7125,06/12/24 01:20:00 AM,24.641,,,
7126,06/12/24 01:30:00 AM,24.641,,,
7127,06/12/24 01:40:00 AM,24.545,,,
7128,06/12/24 01:50:00 AM,24.448,,,
7129,06/12/24 02:00:00 AM,24.448,,,
7130,06/12/24 02:10:00 AM,24.448,,,
7131,06/12/24 02:20:00 AM,24.351,,,
7132,06/12/24 02:30:00 AM,24.351,,,
7133,06/12/24 02:40:00 AM,24.351,,,
7134,06/12/24 02:50:00 AM,24.351,,,
7135,06/12/24 03:00:00 AM,24.351,,,
7136,06/12/24 03:10:00 AM,24.255,,,
7137,06/12/24 03:20:00 AM,24.255,,,
7138,06/12/24 03:30:00 AM,24.158,,,
7139,06/12/24 03:40:00 AM,24.158,,,
7140,06/12/24 03:50:00 AM,24.062,,,
7141,06/12/24 04:00:00 AM,23.773,,,
7142,06/12/24 04:10:00 AM,24.062,,,
7143,06/12/24 04:20:00 AM,23.966,,,
7144,06/12/24 04:30:00 AM,23.966,,,
7145,06/12/24 04:40:00 AM,23.773,,,
7146,06/12/24 04:50:00 AM,23.869,,,
7147,06/12/24 05:00:00 AM,23.773,,,
7148,06/12/24 05:10:00 AM,23.773,,,
7149,06/12/24 05:20:00 AM,23.677,,,
7150,06/12/24 05:30:00 AM,23.773,,,
7151,06/12/24 05:40:00 AM,23.677,,,
7152,06/12/24 05:50:00 AM,23.388,,,
7153,06/12/24 06:00:00 AM,23.484,,,
7154,06/12/24 06:10:00 AM,23.677,,,
7155,06/12/24 06:20:00 AM,23.581,,,
7156,06/12/24 06:30:00 AM,23.388,,,
7157,06/12/24 06:40:00 AM,23.581,,,
7158,06/12/24 06:50:00 AM,23.388,,,
7159,06/12/24 07:00:00 AM,23.677,,,
7160,06/12/24 07:10:00 AM,23.484,,,
7161,06/12/24 07:20:00 AM,23.581,,,
7162,06/12/24 07:30:00 AM,23.484,,,
7163,06/12/24 07:40:00 AM,23.581,,,
7164,06/12/24 07:50:00 AM,23.581,,,
7165,06/12/24 08:00:00 AM,23.581,,,
7166,06/12/24 08:10:00 AM,23.581,,,
7167,06/12/24 08:20:00 AM,23.677,,,
7168,06/12/24 08:30:00 AM,23.677,,,
7169,06/12/24 08:40:00 AM,23.869,,,
7170,06/12/24 08:50:00 AM,23.966,,,
7171,06/12/24 09:00:00 AM,23.773,,,
7172,06/12/24 09:10:00 AM,23.773,,,
7173,06/12/24 09:20:00 AM,23.773,,,
7174,06/12/24 09:30:00 AM,24.158,,,
7175,06/12/24 09:40:00 AM,24.255,,,
7176,06/12/24 09:50:00 AM,24.255,,,
7177,06/12/24 10:00:00 AM,24.351,,,
7178,06/12/24 10:10:00 AM,24.448,,,
7179,06/12/24 10:20:00 AM,24.448,,,
7180,06/12/24 10:30:00 AM,24.351,,,
7181,06/12/24 10:40:00 AM,24.158,,,
7182,06/12/24 10:50:00 AM,24.448,,,
7183,06/12/24 11:00:00 AM,24.351,,,
7184,06/12/24 11:10:00 AM,24.641,,,
7185,06/12/24 11:20:00 AM,24.545,,,
7186,06/12/24 11:30:00 AM,24.545,,,
7187,06/12/24 11:40:00 AM,24.641,,,
7188,06/12/24 11:50:00 AM,24.835,,,
7189,06/12/24 12:00:00 PM,24.931,,,
7190,06/12/24 12:10:00 PM,25.125,,,
7191,06/12/24 12:20:00 PM,25.125,,,
7192,06/12/24 12:30:00 PM,25.125,,,
7193,06/12/24 12:40:00 PM,25.222,,,
7194,06/12/24 12:50:00 PM,25.222,,,
7195,06/12/24 01:00:00 PM,25.319,,,
7196,06/12/24 01:10:00 PM,25.416,,,
7197,06/12/24 01:20:00 PM,25.416,,,
7198,06/12/24 01:30:00 PM,25.319,,,
7199,06/12/24 01:40:00 PM,25.222,,,
7200,06/12/24 01:50:00 PM,25.222,,,
7201,06/12/24 02:00:00 PM,25.319,,,
7202,06/12/24 02:10:00 PM,25.222,,,
7203,06/12/24 02:20:00 PM,25.222,,,
7204,06/12/24 02:30:00 PM,25.319,,,
7205,06/12/24 02:40:00 PM,25.222,,,
7206,06/12/24 02:50:00 PM,25.319,,,
7207,06/12/24 03:00:00 PM,25.222,,,
7208,06/12/24 03:10:00 PM,25.319,,,
7209,06/12/24 03:20:00 PM,25.319,,,
7210,06/12/24 03:30:00 PM,25.222,,,
7211,06/12/24 03:40:00 PM,25.319,,,
7212,06/12/24 03:50:00 PM,25.319,,,
7213,06/12/24 04:00:00 PM,25.319,,,
7214,06/12/24 04:10:00 PM,25.222,,,
7215,06/12/24 04:20:00 PM,25.222,,,
7216,06/12/24 04:30:00 PM,25.319,,,
7217,06/12/24 04:40:00 PM,25.319,,,
7218,06/12/24 04:50:00 PM,25.222,,,
7219,06/12/24 05:00:00 PM,25.222,,,
7220,06/12/24 05:10:00 PM,25.319,,,
7221,06/12/24 05:20:00 PM,25.319,,,
7222,06/12/24 05:30:00 PM,25.319,,,
7223,06/12/24 05:40:00 PM,25.319,,,
7224,06/12/24 05:50:00 PM,25.319,,,
7225,06/12/24 06:00:00 PM,25.319,,,
7226,06/12/24 06:10:00 PM,25.416,,,
7227,06/12/24 06:20:00 PM,25.319,,,
7228,06/12/24 06:30:00 PM,25.319,,,
7229,06/12/24 06:40:00 PM,25.319,,,
7230,06/12/24 06:50:00 PM,25.319,,,
7231,06/12/24 07:00:00 PM,25.319,,,
7232,06/12/24 07:10:00 PM,25.319,,,
7233,06/12/24 07:20:00 PM,25.416,,,
7234,06/12/24 07:30:00 PM,25.416,,,
7235,06/12/24 07:40:00 PM,25.513,,,
7236,06/12/24 07:50:00 PM,25.513,,,
7237,06/12/24 08:00:00 PM,25.513,,,
7238,06/12/24 08:10:00 PM,25.610,,,
7239,06/12/24 08:20:00 PM,25.708,,,
7240,06/12/24 08:30:00 PM,25.902,,,
7241,06/12/24 08:40:00 PM,25.708,,,
7242,06/12/24 08:50:00 PM,25.805,,,
7243,06/12/24 09:00:00 PM,25.708,,,
7244,06/12/24 09:10:00 PM,25.610,,,
7245,06/12/24 09:20:00 PM,25.513,,,
7246,06/12/24 09:30:00 PM,25.513,,,
7247,06/12/24 09:40:00 PM,25.319,,,
7248,06/12/24 09:50:00 PM,25.222,,,
7249,06/12/24 10:00:00 PM,25.222,,,
7250,06/12/24 10:10:00 PM,25.125,,,
7251,06/12/24 10:20:00 PM,25.125,,,
7252,06/12/24 10:30:00 PM,24.931,,,
7253,06/12/24 10:40:00 PM,24.931,,,
7254,06/12/24 10:50:00 PM,24.931,,,
7255,06/12/24 11:00:00 PM,24.931,,,
7256,06/12/24 11:10:00 PM,24.931,,,
7257,06/12/24 11:20:00 PM,24.931,,,
7258,06/12/24 11:30:00 PM,24.931,,,
7259,06/12/24 11:40:00 PM,24.931,,,
7260,06/12/24 11:50:00 PM,24.931,,,
7261,06/13/24 12:00:00 AM,24.931,,,
7262,06/13/24 12:10:00 AM,24.931,,,
7263,06/13/24 12:20:00 AM,24.931,,,
7264,06/13/24 12:30:00 AM,24.931,,,
7265,06/13/24 12:40:00 AM,24.931,,,
7266,06/13/24 12:50:00 AM,24.931,,,
7267,06/13/24 01:00:00 AM,24.931,,,
7268,06/13/24 01:10:00 AM,24.931,,,
7269,06/13/24 01:20:00 AM,24.835,,,
7270,06/13/24 01:30:00 AM,24.835,,,
7271,06/13/24 01:40:00 AM,24.835,,,
7272,06/13/24 01:50:00 AM,24.835,,,
7273,06/13/24 02:00:00 AM,24.835,,,
7274,06/13/24 02:10:00 AM,24.835,,,
7275,06/13/24 02:20:00 AM,24.835,,,
7276,06/13/24 02:30:00 AM,24.835,,,
7277,06/13/24 02:40:00 AM,24.738,,,
7278,06/13/24 02:50:00 AM,24.738,,,
7279,06/13/24 03:00:00 AM,24.738,,,
7280,06/13/24 03:10:00 AM,24.738,,,
7281,06/13/24 03:20:00 AM,24.738,,,
7282,06/13/24 03:30:00 AM,24.738,,,
7283,06/13/24 03:40:00 AM,24.738,,,
7284,06/13/24 03:50:00 AM,24.641,,,
7285,06/13/24 04:00:00 AM,24.641,,,
7286,06/13/24 04:10:00 AM,24.641,,,
7287,06/13/24 04:20:00 AM,24.641,,,
7288,06/13/24 04:30:00 AM,24.545,,,
7289,06/13/24 04:40:00 AM,24.545,,,
7290,06/13/24 04:50:00 AM,24.545,,,
7291,06/13/24 05:00:00 AM,24.545,,,
7292,06/13/24 05:10:00 AM,24.545,,,
7293,06/13/24 05:20:00 AM,24.545,,,
7294,06/13/24 05:30:00 AM,24.545,,,
7295,06/13/24 05:40:00 AM,24.448,,,
7296,06/13/24 05:50:00 AM,24.448,,,
7297,06/13/24 06:00:00 AM,24.545,,,
7298,06/13/24 06:10:00 AM,24.545,,,
7299,06/13/24 06:20:00 AM,24.545,,,
7300,06/13/24 06:30:00 AM,24.545,,,
7301,06/13/24 06:40:00 AM,24.545,,,
7302,06/13/24 06:50:00 AM,24.545,,,
7303,06/13/24 07:00:00 AM,24.545,,,
7304,06/13/24 07:10:00 AM,24.545,,,
7305,06/13/24 07:20:00 AM,24.545,,,
7306,06/13/24 07:30:00 AM,24.545,,,
7307,06/13/24 07:40:00 AM,24.545,,,
7308,06/13/24 07:50:00 AM,24.448,,,
7309,06/13/24 08:00:00 AM,24.448,,,
7310,06/13/24 08:10:00 AM,24.351,,,
7311,06/13/24 08:20:00 AM,24.351,,,
7312,06/13/24 08:30:00 AM,24.351,,,
7313,06/13/24 08:40:00 AM,24.351,,,
7314,06/13/24 08:50:00 AM,24.448,,,
7315,06/13/24 09:00:00 AM,24.448,,,
7316,06/13/24 09:10:00 AM,24.351,,,
7317,06/13/24 09:20:00 AM,24.448,,,
7318,06/13/24 09:30:00 AM,24.448,,,
7319,06/13/24 09:40:00 AM,24.545,,,
7320,06/13/24 09:50:00 AM,24.448,,,
7321,06/13/24 10:00:00 AM,24.545,,,
7322,06/13/24 10:10:00 AM,24.545,,,
7323,06/13/24 10:20:00 AM,24.448,,,
7324,06/13/24 10:30:00 AM,24.545,,,
7325,06/13/24 10:40:00 AM,24.641,,,
7326,06/13/24 10:50:00 AM,24.641,,,
7327,06/13/24 11:00:00 AM,24.738,,,
7328,06/13/24 11:10:00 AM,24.835,,,
7329,06/13/24 11:20:00 AM,24.738,,,
7330,06/13/24 11:30:00 AM,24.835,,,
7331,06/13/24 11:40:00 AM,24.931,,,
7332,06/13/24 11:50:00 AM,24.931,,,
7333,06/13/24 12:00:00 PM,25.125,,,
7334,06/13/24 12:10:00 PM,25.222,,,
7335,06/13/24 12:20:00 PM,25.222,,,
7336,06/13/24 12:30:00 PM,25.222,,,
7337,06/13/24 12:40:00 PM,25.222,,,
7338,06/13/24 12:50:00 PM,25.125,,,
7339,06/13/24 01:00:00 PM,25.125,,,
7340,06/13/24 01:10:00 PM,25.222,,,
7341,06/13/24 01:20:00 PM,24.931,,,
7342,06/13/24 01:30:00 PM,24.931,,,
7343,06/13/24 01:40:00 PM,24.931,,,
7344,06/13/24 01:50:00 PM,24.931,,,
7345,06/13/24 02:00:00 PM,24.931,,,
7346,06/13/24 02:10:00 PM,25.125,,,
7347,06/13/24 02:20:00 PM,25.222,,,
7348,06/13/24 02:30:00 PM,25.319,,,
7349,06/13/24 02:40:00 PM,25.222,,,
7350,06/13/24 02:50:00 PM,24.931,,,
7351,06/13/24 03:00:00 PM,25.125,,,
7352,06/13/24 03:10:00 PM,25.125,,,
7353,06/13/24 03:20:00 PM,24.931,,,
7354,06/13/24 03:30:00 PM,25.125,,,
7355,06/13/24 03:40:00 PM,25.222,,,
7356,06/13/24 03:50:00 PM,25.222,,,
7357,06/13/24 04:00:00 PM,25.319,,,
7358,06/13/24 04:10:00 PM,25.319,,,
7359,06/13/24 04:20:00 PM,25.319,,,
7360,06/13/24 04:30:00 PM,25.319,,,
7361,06/13/24 04:40:00 PM,25.416,,,
7362,06/13/24 04:50:00 PM,25.319,,,
7363,06/13/24 05:00:00 PM,25.416,,,
7364,06/13/24 05:10:00 PM,25.416,,,
7365,06/13/24 05:20:00 PM,25.416,,,
7366,06/13/24 05:30:00 PM,25.513,,,
7367,06/13/24 05:40:00 PM,25.610,,,
7368,06/13/24 05:50:00 PM,25.708,,,
7369,06/13/24 06:00:00 PM,25.805,,,
7370,06/13/24 06:10:00 PM,25.610,,,
7371,06/13/24 06:20:00 PM,25.610,,,
7372,06/13/24 06:30:00 PM,25.513,,,
7373,06/13/24 06:40:00 PM,25.610,,,
7374,06/13/24 06:50:00 PM,25.610,,,
7375,06/13/24 07:00:00 PM,25.610,,,
7376,06/13/24 07:10:00 PM,25.610,,,
7377,06/13/24 07:20:00 PM,25.610,,,
7378,06/13/24 07:30:00 PM,25.513,,,
7379,06/13/24 07:40:00 PM,25.416,,,
7380,06/13/24 07:50:00 PM,25.319,,,
7381,06/13/24 08:00:00 PM,25.416,,,
7382,06/13/24 08:10:00 PM,25.319,,,
7383,06/13/24 08:20:00 PM,25.319,,,
7384,06/13/24 08:30:00 PM,25.222,,,
7385,06/13/24 08:40:00 PM,25.125,,,
7386,06/13/24 08:50:00 PM,25.125,,,
7387,06/13/24 09:00:00 PM,25.125,,,
7388,06/13/24 09:10:00 PM,25.125,,,
7389,06/13/24 09:20:00 PM,24.931,,,
7390,06/13/24 09:30:00 PM,24.931,,,
7391,06/13/24 09:40:00 PM,24.931,,,
7392,06/13/24 09:50:00 PM,24.931,,,
7393,06/13/24 10:00:00 PM,24.835,,,
7394,06/13/24 10:10:00 PM,24.835,,,
7395,06/13/24 10:20:00 PM,24.835,,,
7396,06/13/24 10:30:00 PM,24.835,,,
7397,06/13/24 10:40:00 PM,24.835,,,
7398,06/13/24 10:50:00 PM,24.835,,,
7399,06/13/24 11:00:00 PM,24.835,,,
7400,06/13/24 11:10:00 PM,24.835,,,
7401,06/13/24 11:20:00 PM,24.835,,,
7402,06/13/24 11:30:00 PM,24.835,,,
7403,06/13/24 11:40:00 PM,24.835,,,
7404,06/13/24 11:50:00 PM,24.738,,,
7405,06/14/24 12:00:00 AM,24.738,,,
7406,06/14/24 12:10:00 AM,24.835,,,
7407,06/14/24 12:20:00 AM,24.738,,,
7408,06/14/24 12:30:00 AM,24.738,,,
7409,06/14/24 12:40:00 AM,24.738,,,
7410,06/14/24 12:50:00 AM,24.738,,,
7411,06/14/24 01:00:00 AM,24.738,,,
7412,06/14/24 01:10:00 AM,24.738,,,
7413,06/14/24 01:20:00 AM,24.738,,,
7414,06/14/24 01:30:00 AM,24.738,,,
7415,06/14/24 01:40:00 AM,24.738,,,
7416,06/14/24 01:50:00 AM,24.738,,,
7417,06/14/24 02:00:00 AM,24.738,,,
7418,06/14/24 02:10:00 AM,24.641,,,
7419,06/14/24 02:20:00 AM,24.641,,,
7420,06/14/24 02:30:00 AM,24.641,,,
7421,06/14/24 02:40:00 AM,24.641,,,
7422,06/14/24 02:50:00 AM,24.641,,,
7423,06/14/24 03:00:00 AM,24.641,,,
7424,06/14/24 03:10:00 AM,24.641,,,
7425,06/14/24 03:20:00 AM,24.641,,,
7426,06/14/24 03:30:00 AM,24.641,,,
7427,06/14/24 03:40:00 AM,24.641,,,
7428,06/14/24 03:50:00 AM,24.641,,,
7429,06/14/24 04:00:00 AM,24.641,,,
7430,06/14/24 04:10:00 AM,24.641,,,
7431,06/14/24 04:20:00 AM,24.641,,,
7432,06/14/24 04:30:00 AM,24.641,,,
7433,06/14/24 04:40:00 AM,24.641,,,
7434,06/14/24 04:50:00 AM,24.641,,,
7435,06/14/24 05:00:00 AM,24.641,,,
7436,06/14/24 05:10:00 AM,24.641,,,
7437,06/14/24 05:20:00 AM,24.641,,,
7438,06/14/24 05:30:00 AM,24.641,,,
7439,06/14/24 05:40:00 AM,24.641,,,
7440,06/14/24 05:50:00 AM,24.641,,,
7441,06/14/24 06:00:00 AM,24.641,,,
7442,06/14/24 06:10:00 AM,24.641,,,
7443,06/14/24 06:20:00 AM,24.545,,,
7444,06/14/24 06:30:00 AM,24.545,,,
7445,06/14/24 06:40:00 AM,24.545,,,
7446,06/14/24 06:50:00 AM,24.545,,,
7447,06/14/24 07:00:00 AM,24.448,,,
7448,06/14/24 07:10:00 AM,24.448,,,
7449,06/14/24 07:20:00 AM,24.545,,,
7450,06/14/24 07:30:00 AM,24.448,,,
7451,06/14/24 07:40:00 AM,24.448,,,
7452,06/14/24 07:50:00 AM,24.448,,,
7453,06/14/24 08:00:00 AM,24.448,,,
7454,06/14/24 08:10:00 AM,24.351,,,
7455,06/14/24 08:20:00 AM,24.351,,,
7456,06/14/24 08:30:00 AM,24.351,,,
7457,06/14/24 08:40:00 AM,24.351,,,
7458,06/14/24 08:50:00 AM,24.448,,,
7459,06/14/24 09:00:00 AM,24.448,,,
7460,06/14/24 09:10:00 AM,24.448,,,
7461,06/14/24 09:20:00 AM,24.545,,,
7462,06/14/24 09:30:00 AM,24.545,,,
7463,06/14/24 09:40:00 AM,24.545,,,
7464,06/14/24 09:50:00 AM,24.448,,,
7465,06/14/24 10:00:00 AM,24.545,,,
7466,06/14/24 10:10:00 AM,24.448,,,
7467,06/14/24 10:20:00 AM,24.641,,,
7468,06/14/24 10:30:00 AM,24.738,,,
7469,06/14/24 10:40:00 AM,24.738,,,
7470,06/14/24 10:50:00 AM,24.738,,,
7471,06/14/24 11:00:00 AM,24.931,,,
7472,06/14/24 11:10:00 AM,24.931,,,
7473,06/14/24 11:20:00 AM,25.222,,,
7474,06/14/24 11:30:00 AM,25.319,,,
7475,06/14/24 11:40:00 AM,25.222,,,
7476,06/14/24 11:50:00 AM,25.416,,,
7477,06/14/24 12:00:00 PM,25.319,,,
7478,06/14/24 12:10:00 PM,25.319,,,
7479,06/14/24 12:20:00 PM,25.319,,,
7480,06/14/24 12:30:00 PM,25.222,,,
7481,06/14/24 12:40:00 PM,25.319,,,
7482,06/14/24 12:50:00 PM,25.319,,,
7483,06/14/24 01:00:00 PM,25.319,,,
7484,06/14/24 01:10:00 PM,25.319,,,
7485,06/14/24 01:20:00 PM,25.416,,,
7486,06/14/24 01:30:00 PM,25.416,,,
7487,06/14/24 01:40:00 PM,25.416,,,
7488,06/14/24 01:50:00 PM,25.416,,,
7489,06/14/24 02:00:00 PM,25.319,,,
7490,06/14/24 02:10:00 PM,25.319,,,
7491,06/14/24 02:20:00 PM,25.416,,,
7492,06/14/24 02:30:00 PM,25.513,,,
7493,06/14/24 02:40:00 PM,25.513,,,
7494,06/14/24 02:50:00 PM,25.513,,,
7495,06/14/24 03:00:00 PM,25.513,,,
7496,06/14/24 03:10:00 PM,25.610,,,
7497,06/14/24 03:20:00 PM,25.708,,,
7498,06/14/24 03:30:00 PM,25.708,,,
7499,06/14/24 03:40:00 PM,25.708,,,
7500,06/14/24 03:50:00 PM,25.708,,,
7501,06/14/24 04:00:00 PM,25.805,,,
7502,06/14/24 04:10:00 PM,25.902,,,
7503,06/14/24 04:20:00 PM,25.902,,,
7504,06/14/24 04:30:00 PM,26.000,,,
7505,06/14/24 04:40:00 PM,26.097,,,
7506,06/14/24 04:50:00 PM,26.195,,,
7507,06/14/24 05:00:00 PM,26.292,,,
7508,06/14/24 05:10:00 PM,26.292,,,
7509,06/14/24 05:20:00 PM,26.195,,,
7510,06/14/24 05:30:00 PM,26.292,,,
7511,06/14/24 05:40:00 PM,26.195,,,
7512,06/14/24 05:50:00 PM,26.097,,,
7513,06/14/24 06:00:00 PM,26.097,,,
7514,06/14/24 06:10:00 PM,26.000,,,
7515,06/14/24 06:20:00 PM,25.805,,,
7516,06/14/24 06:30:00 PM,25.805,,,
7517,06/14/24 06:40:00 PM,25.708,,,
7518,06/14/24 06:50:00 PM,25.708,,,
7519,06/14/24 07:00:00 PM,25.708,,,
7520,06/14/24 07:10:00 PM,25.805,,,
7521,06/14/24 07:20:00 PM,25.805,,,
7522,06/14/24 07:30:00 PM,25.805,,,
7523,06/14/24 07:40:00 PM,25.805,,,
7524,06/14/24 07:50:00 PM,25.902,,,
7525,06/14/24 08:00:00 PM,25.902,,,
7526,06/14/24 08:10:00 PM,25.902,,,
7527,06/14/24 08:20:00 PM,25.902,,,
7528,06/14/24 08:30:00 PM,25.902,,,
7529,06/14/24 08:40:00 PM,25.902,,,
7530,06/14/24 08:50:00 PM,26.000,,,
7531,06/14/24 09:00:00 PM,26.000,,,
7532,06/14/24 09:10:00 PM,26.000,,,
7533,06/14/24 09:20:00 PM,26.000,,,
7534,06/14/24 09:30:00 PM,26.000,,,
7535,06/14/24 09:40:00 PM,26.000,,,
7536,06/14/24 09:50:00 PM,26.000,,,
7537,06/14/24 10:00:00 PM,26.000,,,
7538,06/14/24 10:10:00 PM,26.000,,,
7539,06/14/24 10:20:00 PM,26.097,,,
7540,06/14/24 10:30:00 PM,26.097,,,
7541,06/14/24 10:40:00 PM,26.097,,,
7542,06/14/24 10:50:00 PM,26.097,,,
7543,06/14/24 11:00:00 PM,26.097,,,
7544,06/14/24 11:10:00 PM,26.097,,,
7545,06/14/24 11:20:00 PM,26.097,,,
7546,06/14/24 11:30:00 PM,26.097,,,
7547,06/14/24 11:40:00 PM,26.097,,,
7548,06/14/24 11:50:00 PM,26.097,,,
7549,06/15/24 12:00:00 AM,26.097,,,
7550,06/15/24 12:10:00 AM,26.097,,,
7551,06/15/24 12:20:00 AM,26.097,,,
7552,06/15/24 12:30:00 AM,26.000,,,
7553,06/15/24 12:40:00 AM,26.097,,,
7554,06/15/24 12:50:00 AM,26.097,,,
7555,06/15/24 01:00:00 AM,26.000,,,
7556,06/15/24 01:10:00 AM,25.902,,,
7557,06/15/24 01:20:00 AM,26.000,,,
7558,06/15/24 01:30:00 AM,25.902,,,
7559,06/15/24 01:40:00 AM,25.902,,,
7560,06/15/24 01:50:00 AM,25.902,,,
7561,06/15/24 02:00:00 AM,25.902,,,
7562,06/15/24 02:10:00 AM,25.902,,,
7563,06/15/24 02:20:00 AM,25.902,,,
7564,06/15/24 02:30:00 AM,25.805,,,
7565,06/15/24 02:40:00 AM,25.708,,,
7566,06/15/24 02:50:00 AM,25.708,,,
7567,06/15/24 03:00:00 AM,25.708,,,
7568,06/15/24 03:10:00 AM,25.708,,,
7569,06/15/24 03:20:00 AM,25.610,,,
7570,06/15/24 03:30:00 AM,25.513,,,
7571,06/15/24 03:40:00 AM,25.513,,,
7572,06/15/24 03:50:00 AM,25.513,,,
7573,06/15/24 04:00:00 AM,25.513,,,
7574,06/15/24 04:10:00 AM,25.416,,,
7575,06/15/24 04:20:00 AM,25.513,,,
7576,06/15/24 04:30:00 AM,25.319,,,
7577,06/15/24 04:40:00 AM,25.319,,,
7578,06/15/24 04:50:00 AM,25.319,,,
7579,06/15/24 05:00:00 AM,25.416,,,
7580,06/15/24 05:10:00 AM,25.222,,,
7581,06/15/24 05:20:00 AM,25.125,,,
7582,06/15/24 05:30:00 AM,25.319,,,
7583,06/15/24 05:40:00 AM,25.319,,,
7584,06/15/24 05:50:00 AM,25.125,,,
7585,06/15/24 06:00:00 AM,25.222,,,
7586,06/15/24 06:10:00 AM,25.125,,,
7587,06/15/24 06:20:00 AM,25.125,,,
7588,06/15/24 06:30:00 AM,25.125,,,
7589,06/15/24 06:40:00 AM,25.125,,,
7590,06/15/24 06:50:00 AM,25.125,,,
7591,06/15/24 07:00:00 AM,24.931,,,
7592,06/15/24 07:10:00 AM,24.931,,,
7593,06/15/24 07:20:00 AM,24.931,,,
7594,06/15/24 07:30:00 AM,24.931,,,
7595,06/15/24 07:40:00 AM,24.931,,,
7596,06/15/24 07:50:00 AM,24.835,,,
7597,06/15/24 08:00:00 AM,24.835,,,
7598,06/15/24 08:10:00 AM,24.835,,,
7599,06/15/24 08:20:00 AM,24.931,,,
7600,06/15/24 08:30:00 AM,24.738,,,
7601,06/15/24 08:40:00 AM,24.738,,,
7602,06/15/24 08:50:00 AM,24.931,,,
7603,06/15/24 09:00:00 AM,25.222,,,
7604,06/15/24 09:10:00 AM,25.319,,,
7605,06/15/24 09:20:00 AM,25.416,,,
7606,06/15/24 09:30:00 AM,25.513,,,
7607,06/15/24 09:40:00 AM,25.513,,,
7608,06/15/24 09:50:00 AM,25.513,,,
7609,06/15/24 10:00:00 AM,25.610,,,
7610,06/15/24 10:10:00 AM,25.708,,,
7611,06/15/24 10:20:00 AM,25.805,,,
7612,06/15/24 10:30:00 AM,25.805,,,
7613,06/15/24 10:40:00 AM,26.000,,,
7614,06/15/24 10:50:00 AM,26.000,,,
7615,06/15/24 11:00:00 AM,26.097,,,
7616,06/15/24 11:10:00 AM,26.195,,,
7617,06/15/24 11:20:00 AM,26.292,,,
7618,06/15/24 11:30:00 AM,26.390,,,
7619,06/15/24 11:40:00 AM,26.390,,,
7620,06/15/24 11:50:00 AM,26.488,,,
7621,06/15/24 12:00:00 PM,26.488,,,
7622,06/15/24 12:10:00 PM,26.488,,,
7623,06/15/24 12:20:00 PM,26.488,,,
7624,06/15/24 12:30:00 PM,26.683,,,
7625,06/15/24 12:40:00 PM,26.683,,,
7626,06/15/24 12:50:00 PM,26.781,,,
7627,06/15/24 01:00:00 PM,26.781,,,
7628,06/15/24 01:10:00 PM,26.879,,,
7629,06/15/24 01:20:00 PM,26.879,,,
7630,06/15/24 01:30:00 PM,26.977,,,
7631,06/15/24 01:40:00 PM,26.977,,,
7632,06/15/24 01:50:00 PM,26.977,,,
7633,06/15/24 02:00:00 PM,27.075,,,
7634,06/15/24 02:10:00 PM,27.075,,,
7635,06/15/24 02:20:00 PM,27.075,,,
7636,06/15/24 02:30:00 PM,27.075,,,
7637,06/15/24 02:40:00 PM,27.173,,,
7638,06/15/24 02:50:00 PM,27.173,,,
7639,06/15/24 03:00:00 PM,27.272,,,
7640,06/15/24 03:10:00 PM,27.272,,,
7641,06/15/24 03:20:00 PM,27.272,,,
7642,06/15/24 03:30:00 PM,27.272,,,
7643,06/15/24 03:40:00 PM,27.173,,,
7644,06/15/24 03:50:00 PM,27.272,,,
7645,06/15/24 04:00:00 PM,27.370,,,
7646,06/15/24 04:10:00 PM,27.468,,,
7647,06/15/24 04:20:00 PM,27.468,,,
7648,06/15/24 04:30:00 PM,27.567,,,
7649,06/15/24 04:40:00 PM,27.665,,,
7650,06/15/24 04:50:00 PM,27.567,,,
7651,06/15/24 05:00:00 PM,27.567,,,
7652,06/15/24 05:10:00 PM,27.665,,,
7653,06/15/24 05:20:00 PM,27.665,,,
7654,06/15/24 05:30:00 PM,27.665,,,
7655,06/15/24 05:40:00 PM,27.567,,,
7656,06/15/24 05:50:00 PM,27.567,,,
7657,06/15/24 06:00:00 PM,27.567,,,
7658,06/15/24 06:10:00 PM,27.468,,,
7659,06/15/24 06:20:00 PM,27.468,,,
7660,06/15/24 06:30:00 PM,27.468,,,
7661,06/15/24 06:40:00 PM,27.468,,,
7662,06/15/24 06:50:00 PM,27.468,,,
7663,06/15/24 07:00:00 PM,27.370,,,
7664,06/15/24 07:10:00 PM,27.370,,,
7665,06/15/24 07:20:00 PM,27.370,,,
7666,06/15/24 07:30:00 PM,27.468,,,
7667,06/15/24 07:40:00 PM,27.468,,,
7668,06/15/24 07:50:00 PM,27.468,,,
7669,06/15/24 08:00:00 PM,27.370,,,
7670,06/15/24 08:10:00 PM,27.370,,,
7671,06/15/24 08:20:00 PM,27.370,,,
7672,06/15/24 08:30:00 PM,27.468,,,
7673,06/15/24 08:40:00 PM,27.468,,,
7674,06/15/24 08:50:00 PM,27.468,,,
7675,06/15/24 09:00:00 PM,27.468,,,
7676,06/15/24 09:10:00 PM,27.468,,,
7677,06/15/24 09:20:00 PM,27.468,,,
7678,06/15/24 09:30:00 PM,27.468,,,
7679,06/15/24 09:40:00 PM,27.468,,,
7680,06/15/24 09:50:00 PM,27.468,,,
7681,06/15/24 10:00:00 PM,27.468,,,
7682,06/15/24 10:10:00 PM,27.370,,,
7683,06/15/24 10:20:00 PM,27.370,,,
7684,06/15/24 10:30:00 PM,27.370,,,
7685,06/15/24 10:40:00 PM,27.272,,,
7686,06/15/24 10:50:00 PM,27.272,,,
7687,06/15/24 11:00:00 PM,27.272,,,
7688,06/15/24 11:10:00 PM,27.272,,,
7689,06/15/24 11:20:00 PM,27.272,,,
7690,06/15/24 11:30:00 PM,27.173,,,
7691,06/15/24 11:40:00 PM,27.075,,,
7692,06/15/24 11:50:00 PM,26.977,,,
7693,06/16/24 12:00:00 AM,27.075,,,
7694,06/16/24 12:10:00 AM,26.977,,,
7695,06/16/24 12:20:00 AM,26.879,,,
7696,06/16/24 12:30:00 AM,26.781,,,
7697,06/16/24 12:40:00 AM,26.683,,,
7698,06/16/24 12:50:00 AM,26.488,,,
7699,06/16/24 01:00:00 AM,26.292,,,
7700,06/16/24 01:10:00 AM,26.292,,,
7701,06/16/24 01:20:00 AM,26.390,,,
7702,06/16/24 01:30:00 AM,26.390,,,
7703,06/16/24 01:40:00 AM,26.292,,,
7704,06/16/24 01:50:00 AM,26.292,,,
7705,06/16/24 02:00:00 AM,26.292,,,
7706,06/16/24 02:10:00 AM,26.195,,,
7707,06/16/24 02:20:00 AM,26.097,,,
7708,06/16/24 02:30:00 AM,26.097,,,
7709,06/16/24 02:40:00 AM,26.097,,,
7710,06/16/24 02:50:00 AM,26.292,,,
7711,06/16/24 03:00:00 AM,26.292,,,
7712,06/16/24 03:10:00 AM,26.195,,,
7713,06/16/24 03:20:00 AM,26.097,,,
7714,06/16/24 03:30:00 AM,26.097,,,
7715,06/16/24 03:40:00 AM,26.000,,,
7716,06/16/24 03:50:00 AM,26.097,,,
7717,06/16/24 04:00:00 AM,26.097,,,
7718,06/16/24 04:10:00 AM,26.000,,,
7719,06/16/24 04:20:00 AM,26.000,,,
7720,06/16/24 04:30:00 AM,25.902,,,
7721,06/16/24 04:40:00 AM,25.805,,,
7722,06/16/24 04:50:00 AM,25.902,,,
7723,06/16/24 05:00:00 AM,25.805,,,
7724,06/16/24 05:10:00 AM,25.805,,,
7725,06/16/24 05:20:00 AM,25.902,,,
7726,06/16/24 05:30:00 AM,25.805,,,
7727,06/16/24 05:40:00 AM,25.513,,,
7728,06/16/24 05:50:00 AM,25.610,,,
7729,06/16/24 06:00:00 AM,25.610,,,
7730,06/16/24 06:10:00 AM,25.708,,,
7731,06/16/24 06:20:00 AM,25.610,,,
7732,06/16/24 06:30:00 AM,25.513,,,
7733,06/16/24 06:40:00 AM,25.319,,,
7734,06/16/24 06:50:00 AM,25.319,,,
7735,06/16/24 07:00:00 AM,25.513,,,
7736,06/16/24 07:10:00 AM,25.319,,,
7737,06/16/24 07:20:00 AM,25.319,,,
7738,06/16/24 07:30:00 AM,25.416,,,
7739,06/16/24 07:40:00 AM,25.513,,,
7740,06/16/24 07:50:00 AM,25.513,,,
7741,06/16/24 08:00:00 AM,25.513,,,
7742,06/16/24 08:10:00 AM,25.610,,,
7743,06/16/24 08:20:00 AM,25.319,,,
7744,06/16/24 08:30:00 AM,25.513,,,
7745,06/16/24 08:40:00 AM,25.513,,,
7746,06/16/24 08:50:00 AM,25.610,,,
7747,06/16/24 09:00:00 AM,25.708,,,
7748,06/16/24 09:10:00 AM,25.708,,,
7749,06/16/24 09:20:00 AM,25.708,,,
7750,06/16/24 09:30:00 AM,25.610,,,
7751,06/16/24 09:40:00 AM,25.708,,,
7752,06/16/24 09:50:00 AM,25.708,,,
7753,06/16/24 10:00:00 AM,25.805,,,
7754,06/16/24 10:10:00 AM,25.805,,,
7755,06/16/24 10:20:00 AM,25.902,,,
7756,06/16/24 10:30:00 AM,25.805,,,
7757,06/16/24 10:40:00 AM,25.610,,,
7758,06/16/24 10:50:00 AM,25.805,,,
7759,06/16/24 11:00:00 AM,25.708,,,
7760,06/16/24 11:10:00 AM,26.000,,,
7761,06/16/24 11:20:00 AM,26.097,,,
7762,06/16/24 11:30:00 AM,26.000,,,
7763,06/16/24 11:40:00 AM,26.097,,,
7764,06/16/24 11:50:00 AM,26.292,,,
7765,06/16/24 12:00:00 PM,26.292,,,
7766,06/16/24 12:10:00 PM,26.390,,,
7767,06/16/24 12:20:00 PM,26.390,,,
7768,06/16/24 12:30:00 PM,26.390,,,
7769,06/16/24 12:40:00 PM,26.683,,,
7770,06/16/24 12:50:00 PM,26.390,,,
7771,06/16/24 01:00:00 PM,26.390,,,
7772,06/16/24 01:10:00 PM,26.390,,,
7773,06/16/24 01:20:00 PM,26.488,,,
7774,06/16/24 01:30:00 PM,26.488,,,
7775,06/16/24 01:40:00 PM,26.585,,,
7776,06/16/24 01:50:00 PM,26.683,,,
7777,06/16/24 02:00:00 PM,26.488,,,
7778,06/16/24 02:10:00 PM,26.488,,,
7779,06/16/24 02:20:00 PM,26.488,,,
7780,06/16/24 02:30:00 PM,26.683,,,
7781,06/16/24 02:40:00 PM,26.683,,,
7782,06/16/24 02:50:00 PM,26.585,,,
7783,06/16/24 03:00:00 PM,26.488,,,
7784,06/16/24 03:10:00 PM,26.683,,,
7785,06/16/24 03:20:00 PM,26.781,,,
7786,06/16/24 03:30:00 PM,26.585,,,
7787,06/16/24 03:40:00 PM,26.683,,,
7788,06/16/24 03:50:00 PM,26.683,,,
7789,06/16/24 04:00:00 PM,26.683,,,
7790,06/16/24 04:10:00 PM,26.683,,,
7791,06/16/24 04:20:00 PM,26.683,,,
7792,06/16/24 04:30:00 PM,26.683,,,
7793,06/16/24 04:40:00 PM,26.781,,,
7794,06/16/24 04:50:00 PM,26.879,,,
7795,06/16/24 05:00:00 PM,26.879,,,
7796,06/16/24 05:10:00 PM,26.879,,,
7797,06/16/24 05:20:00 PM,26.879,,,
7798,06/16/24 05:30:00 PM,26.879,,,
7799,06/16/24 05:40:00 PM,26.977,,,
7800,06/16/24 05:50:00 PM,26.977,,,
7801,06/16/24 06:00:00 PM,26.977,,,
7802,06/16/24 06:10:00 PM,27.075,,,
7803,06/16/24 06:20:00 PM,27.075,,,
7804,06/16/24 06:30:00 PM,27.075,,,
7805,06/16/24 06:40:00 PM,27.075,,,
7806,06/16/24 06:50:00 PM,27.173,,,
7807,06/16/24 07:00:00 PM,27.173,,,
7808,06/16/24 07:10:00 PM,27.173,,,
7809,06/16/24 07:20:00 PM,27.173,,,
7810,06/16/24 07:30:00 PM,27.173,,,
7811,06/16/24 07:40:00 PM,27.173,,,
7812,06/16/24 07:50:00 PM,27.173,,,
7813,06/16/24 08:00:00 PM,27.075,,,
7814,06/16/24 08:10:00 PM,26.683,,,
7815,06/16/24 08:20:00 PM,26.585,,,
7816,06/16/24 08:30:00 PM,26.488,,,
7817,06/16/24 08:40:00 PM,26.488,,,
7818,06/16/24 08:50:00 PM,26.488,,,
7819,06/16/24 09:00:00 PM,26.390,,,
7820,06/16/24 09:10:00 PM,26.292,,,
7821,06/16/24 09:20:00 PM,26.292,,,
7822,06/16/24 09:30:00 PM,26.097,,,
7823,06/16/24 09:40:00 PM,25.902,,,
7824,06/16/24 09:50:00 PM,25.805,,,
7825,06/16/24 10:00:00 PM,25.708,,,
7826,06/16/24 10:10:00 PM,25.708,,,
7827,06/16/24 10:20:00 PM,25.513,,,
7828,06/16/24 10:30:00 PM,25.513,,,
7829,06/16/24 10:40:00 PM,25.513,,,
7830,06/16/24 10:50:00 PM,25.416,,,
7831,06/16/24 11:00:00 PM,25.416,,,
7832,06/16/24 11:10:00 PM,25.222,,,
7833,06/16/24 11:20:00 PM,25.222,,,
7834,06/16/24 11:30:00 PM,25.125,,,
7835,06/16/24 11:40:00 PM,25.222,,,
7836,06/16/24 11:50:00 PM,25.319,,,
7837,06/17/24 12:00:00 AM,25.416,,,
7838,06/17/24 12:10:00 AM,25.416,,,
7839,06/17/24 12:20:00 AM,25.319,,,
7840,06/17/24 12:30:00 AM,25.319,,,
7841,06/17/24 12:40:00 AM,25.319,,,
7842,06/17/24 12:50:00 AM,25.319,,,
7843,06/17/24 01:00:00 AM,25.319,,,
7844,06/17/24 01:10:00 AM,25.319,,,
7845,06/17/24 01:20:00 AM,25.222,,,
7846,06/17/24 01:30:00 AM,25.222,,,
7847,06/17/24 01:40:00 AM,25.222,,,
7848,06/17/24 01:50:00 AM,25.222,,,
7849,06/17/24 02:00:00 AM,25.222,,,
7850,06/17/24 02:10:00 AM,25.222,,,
7851,06/17/24 02:20:00 AM,25.222,,,
7852,06/17/24 02:30:00 AM,25.222,,,
7853,06/17/24 02:40:00 AM,25.222,,,
7854,06/17/24 02:50:00 AM,25.222,,,
7855,06/17/24 03:00:00 AM,25.222,,,
7856,06/17/24 03:10:00 AM,25.222,,,
7857,06/17/24 03:20:00 AM,25.222,,,
7858,06/17/24 03:30:00 AM,25.222,,,
7859,06/17/24 03:40:00 AM,25.222,,,
7860,06/17/24 03:50:00 AM,25.222,,,
7861,06/17/24 04:00:00 AM,25.125,,,
7862,06/17/24 04:10:00 AM,25.125,,,
7863,06/17/24 04:20:00 AM,25.125,,,
7864,06/17/24 04:30:00 AM,25.125,,,
7865,06/17/24 04:40:00 AM,25.125,,,
7866,06/17/24 04:50:00 AM,25.125,,,
7867,06/17/24 05:00:00 AM,25.125,,,
7868,06/17/24 05:10:00 AM,25.028,,,
7869,06/17/24 05:20:00 AM,24.931,,,
7870,06/17/24 05:30:00 AM,24.931,,,
7871,06/17/24 05:40:00 AM,24.931,,,
7872,06/17/24 05:50:00 AM,24.931,,,
7873,06/17/24 06:00:00 AM,24.931,,,
7874,06/17/24 06:10:00 AM,24.835,,,
7875,06/17/24 06:20:00 AM,24.835,,,
7876,06/17/24 06:30:00 AM,24.835,,,
7877,06/17/24 06:40:00 AM,24.835,,,
7878,06/17/24 06:50:00 AM,24.835,,,
7879,06/17/24 07:00:00 AM,24.835,,,
7880,06/17/24 07:10:00 AM,24.835,,,
7881,06/17/24 07:20:00 AM,24.835,,,
7882,06/17/24 07:30:00 AM,24.835,,,
7883,06/17/24 07:40:00 AM,24.931,,,
7884,06/17/24 07:50:00 AM,24.931,,,
7885,06/17/24 08:00:00 AM,24.931,,,
7886,06/17/24 08:10:00 AM,24.931,,,
7887,06/17/24 08:20:00 AM,24.931,,,
7888,06/17/24 08:30:00 AM,25.125,,,
7889,06/17/24 08:40:00 AM,25.125,,,
7890,06/17/24 08:50:00 AM,25.125,,,
7891,06/17/24 09:00:00 AM,24.931,,,
7892,06/17/24 09:10:00 AM,25.125,,,
7893,06/17/24 09:20:00 AM,25.125,,,
7894,06/17/24 09:30:00 AM,25.222,,,
7895,06/17/24 09:40:00 AM,25.319,,,
7896,06/17/24 09:50:00 AM,25.319,,,
7897,06/17/24 10:00:00 AM,25.416,,,
7898,06/17/24 10:10:00 AM,25.513,,,
7899,06/17/24 10:20:00 AM,25.610,,,
7900,06/17/24 10:30:00 AM,25.610,,,
7901,06/17/24 10:40:00 AM,25.708,,,
7902,06/17/24 10:50:00 AM,25.805,,,
7903,06/17/24 11:00:00 AM,25.902,,,
7904,06/17/24 11:10:00 AM,25.902,,,
7905,06/17/24 11:20:00 AM,25.902,,,
7906,06/17/24 11:30:00 AM,26.000,,,
7907,06/17/24 11:40:00 AM,26.097,,,
7908,06/17/24 11:50:00 AM,26.000,,,
7909,06/17/24 12:00:00 PM,26.097,,,
7910,06/17/24 12:10:00 PM,26.195,,,
7911,06/17/24 12:20:00 PM,26.195,,,
7912,06/17/24 12:30:00 PM,26.195,,,
7913,06/17/24 12:40:00 PM,26.390,,,
7914,06/17/24 12:50:00 PM,26.488,,,
7915,06/17/24 01:00:00 PM,26.488,,,
7916,06/17/24 01:10:00 PM,26.488,,,
7917,06/17/24 01:20:00 PM,26.488,,,
7918,06/17/24 01:30:00 PM,26.488,,,
7919,06/17/24 01:40:00 PM,26.781,,,
7920,06/17/24 01:50:00 PM,26.977,,,
7921,06/17/24 02:00:00 PM,27.272,,,
7922,06/17/24 02:10:00 PM,27.862,,,
7923,06/17/24 02:20:00 PM,28.060,,,
7924,06/17/24 02:30:00 PM,28.060,,,
7925,06/17/24 02:40:00 PM,28.357,,,
7926,06/17/24 02:50:00 PM,28.456,,,
7927,06/17/24 03:00:00 PM,28.555,,,
7928,06/17/24 03:10:00 PM,28.555,,,
7929,06/17/24 03:20:00 PM,28.555,,,
7930,06/17/24 03:30:00 PM,28.655,,,
7931,06/17/24 03:40:00 PM,28.655,,,
7932,06/17/24 03:50:00 PM,28.555,,,
7933,06/17/24 04:00:00 PM,28.357,,,
7934,06/17/24 04:10:00 PM,28.456,,,
7935,06/17/24 04:20:00 PM,28.754,,,
7936,06/17/24 04:30:00 PM,28.456,,,
7937,06/17/24 04:40:00 PM,28.456,,,
7938,06/17/24 04:50:00 PM,28.357,,,
7939,06/17/24 05:00:00 PM,28.555,,,
7940,06/17/24 05:10:00 PM,28.456,,,
7941,06/17/24 05:20:00 PM,28.258,,,
7942,06/17/24 05:30:00 PM,28.456,,,
7943,06/17/24 05:40:00 PM,28.456,,,
7944,06/17/24 05:50:00 PM,28.555,,,
7945,06/17/24 06:00:00 PM,28.555,,,
7946,06/17/24 06:10:00 PM,28.555,,,
7947,06/17/24 06:20:00 PM,28.555,,,
7948,06/17/24 06:30:00 PM,28.555,,,
7949,06/17/24 06:40:00 PM,28.555,,,
7950,06/17/24 06:50:00 PM,28.555,,,
7951,06/17/24 07:00:00 PM,28.555,,,
7952,06/17/24 07:10:00 PM,28.060,,,
7953,06/17/24 07:20:00 PM,27.567,,,
7954,06/17/24 07:30:00 PM,26.977,,,
7955,06/17/24 07:40:00 PM,26.781,,,
7956,06/17/24 07:50:00 PM,26.585,,,
7957,06/17/24 08:00:00 PM,26.390,,,
7958,06/17/24 08:10:00 PM,26.292,,,
7959,06/17/24 08:20:00 PM,26.292,,,
7960,06/17/24 08:30:00 PM,26.292,,,
7961,06/17/24 08:40:00 PM,26.195,,,
7962,06/17/24 08:50:00 PM,26.195,,,
7963,06/17/24 09:00:00 PM,26.195,,,
7964,06/17/24 09:10:00 PM,26.097,,,
7965,06/17/24 09:20:00 PM,26.195,,,
7966,06/17/24 09:30:00 PM,26.292,,,
7967,06/17/24 09:40:00 PM,26.390,,,
7968,06/17/24 09:50:00 PM,26.390,,,
7969,06/17/24 10:00:00 PM,26.488,,,
7970,06/17/24 10:10:00 PM,26.488,,,
7971,06/17/24 10:20:00 PM,26.488,,,
7972,06/17/24 10:30:00 PM,26.488,,,
7973,06/17/24 10:40:00 PM,26.488,,,
7974,06/17/24 10:50:00 PM,26.390,,,
7975,06/17/24 11:00:00 PM,26.390,,,
7976,06/17/24 11:10:00 PM,26.292,,,
7977,06/17/24 11:20:00 PM,26.195,,,
7978,06/17/24 11:30:00 PM,26.195,,,
7979,06/17/24 11:40:00 PM,26.097,,,
7980,06/17/24 11:50:00 PM,26.097,,,
7981,06/18/24 12:00:00 AM,26.097,,,
7982,06/18/24 12:10:00 AM,26.097,,,
7983,06/18/24 12:20:00 AM,26.097,,,
7984,06/18/24 12:30:00 AM,26.097,,,
7985,06/18/24 12:40:00 AM,26.097,,,
7986,06/18/24 12:50:00 AM,26.097,,,
7987,06/18/24 01:00:00 AM,26.097,,,
7988,06/18/24 01:10:00 AM,26.195,,,
7989,06/18/24 01:20:00 AM,26.195,,,
7990,06/18/24 01:30:00 AM,26.195,,,
7991,06/18/24 01:40:00 AM,26.195,,,
7992,06/18/24 01:50:00 AM,26.195,,,
7993,06/18/24 02:00:00 AM,26.195,,,
7994,06/18/24 02:10:00 AM,26.195,,,
7995,06/18/24 02:20:00 AM,26.195,,,
7996,06/18/24 02:30:00 AM,26.195,,,
7997,06/18/24 02:40:00 AM,26.292,,,
7998,06/18/24 02:50:00 AM,26.292,,,
7999,06/18/24 03:00:00 AM,26.292,,,
8000,06/18/24 03:10:00 AM,26.292,,,
8001,06/18/24 03:20:00 AM,26.292,,,
8002,06/18/24 03:30:00 AM,26.292,,,
8003,06/18/24 03:40:00 AM,26.292,,,
8004,06/18/24 03:50:00 AM,26.292,,,
8005,06/18/24 04:00:00 AM,26.292,,,
8006,06/18/24 04:10:00 AM,26.292,,,
8007,06/18/24 04:20:00 AM,26.292,,,
8008,06/18/24 04:30:00 AM,26.292,,,
8009,06/18/24 04:40:00 AM,26.292,,,
8010,06/18/24 04:50:00 AM,26.292,,,
8011,06/18/24 05:00:00 AM,26.292,,,
8012,06/18/24 05:10:00 AM,26.292,,,
8013,06/18/24 05:20:00 AM,26.292,,,
8014,06/18/24 05:30:00 AM,26.292,,,
8015,06/18/24 05:40:00 AM,26.292,,,
8016,06/18/24 05:50:00 AM,26.292,,,
8017,06/18/24 06:00:00 AM,26.195,,,
8018,06/18/24 06:10:00 AM,26.292,,,
8019,06/18/24 06:20:00 AM,26.292,,,
8020,06/18/24 06:30:00 AM,26.195,,,
8021,06/18/24 06:40:00 AM,26.195,,,
8022,06/18/24 06:50:00 AM,26.195,,,
8023,06/18/24 07:00:00 AM,26.195,,,
8024,06/18/24 07:10:00 AM,26.195,,,
8025,06/18/24 07:20:00 AM,26.195,,,
8026,06/18/24 07:30:00 AM,26.195,,,
8027,06/18/24 07:40:00 AM,26.195,,,
8028,06/18/24 07:50:00 AM,26.195,,,
8029,06/18/24 08:00:00 AM,26.195,,,
8030,06/18/24 08:10:00 AM,26.195,,,
8031,06/18/24 08:20:00 AM,26.097,,,
8032,06/18/24 08:30:00 AM,26.097,,,
8033,06/18/24 08:40:00 AM,26.097,,,
8034,06/18/24 08:50:00 AM,26.195,,,
8035,06/18/24 09:00:00 AM,26.195,,,
8036,06/18/24 09:10:00 AM,26.195,,,
8037,06/18/24 09:20:00 AM,26.195,,,
8038,06/18/24 09:30:00 AM,26.195,,,
8039,06/18/24 09:40:00 AM,26.292,,,
8040,06/18/24 09:50:00 AM,26.292,,,
8041,06/18/24 10:00:00 AM,26.292,,,
8042,06/18/24 10:10:00 AM,26.097,,,
8043,06/18/24 10:20:00 AM,26.195,,,
8044,06/18/24 10:30:00 AM,26.292,,,
8045,06/18/24 10:40:00 AM,26.195,,,
8046,06/18/24 10:50:00 AM,26.390,,,
8047,06/18/24 11:00:00 AM,26.488,,,
8048,06/18/24 11:10:00 AM,26.488,,,
8049,06/18/24 11:20:00 AM,26.585,,,
8050,06/18/24 11:30:00 AM,26.683,,,
8051,06/18/24 11:40:00 AM,26.585,,,
8052,06/18/24 11:50:00 AM,26.683,,,
8053,06/18/24 12:00:00 PM,26.683,,,
8054,06/18/24 12:10:00 PM,26.781,,,
8055,06/18/24 12:20:00 PM,26.781,,,
8056,06/18/24 12:30:00 PM,26.781,,,
8057,06/18/24 12:40:00 PM,26.683,,,
8058,06/18/24 12:50:00 PM,26.683,,,
8059,06/18/24 01:00:00 PM,26.683,,,
8060,06/18/24 01:10:00 PM,26.781,,,
8061,06/18/24 01:20:00 PM,26.781,,,
8062,06/18/24 01:30:00 PM,26.879,,,
8063,06/18/24 01:40:00 PM,26.879,,,
8064,06/18/24 01:50:00 PM,26.879,,,
8065,06/18/24 02:00:00 PM,26.781,,,
8066,06/18/24 02:10:00 PM,26.683,,,
8067,06/18/24 02:20:00 PM,26.781,,,
8068,06/18/24 02:30:00 PM,26.977,,,
8069,06/18/24 02:40:00 PM,26.879,,,
8070,06/18/24 02:50:00 PM,26.781,,,
8071,06/18/24 03:00:00 PM,26.879,,,
8072,06/18/24 03:10:00 PM,26.781,,,
8073,06/18/24 03:20:00 PM,26.683,,,
8074,06/18/24 03:30:00 PM,26.879,,,
8075,06/18/24 03:40:00 PM,26.781,,,
8076,06/18/24 03:50:00 PM,26.781,,,
8077,06/18/24 04:00:00 PM,26.781,,,
8078,06/18/24 04:10:00 PM,26.683,,,
8079,06/18/24 04:20:00 PM,26.977,,,
8080,06/18/24 04:30:00 PM,27.075,,,
8081,06/18/24 04:40:00 PM,26.977,,,
8082,06/18/24 04:50:00 PM,27.173,,,
8083,06/18/24 05:00:00 PM,27.173,,,
8084,06/18/24 05:10:00 PM,27.370,,,
8085,06/18/24 05:20:00 PM,27.468,,,
8086,06/18/24 05:30:00 PM,27.370,,,
8087,06/18/24 05:40:00 PM,27.567,,,
8088,06/18/24 05:50:00 PM,27.665,,,
8089,06/18/24 06:00:00 PM,27.665,,,
8090,06/18/24 06:10:00 PM,27.665,,,
8091,06/18/24 06:20:00 PM,27.468,,,
8092,06/18/24 06:30:00 PM,27.567,,,
8093,06/18/24 06:40:00 PM,27.764,,,
8094,06/18/24 06:50:00 PM,27.961,,,
8095,06/18/24 07:00:00 PM,27.961,,,
8096,06/18/24 07:10:00 PM,27.961,,,
8097,06/18/24 07:20:00 PM,27.961,,,
8098,06/18/24 07:30:00 PM,28.060,,,
8099,06/18/24 07:40:00 PM,28.060,,,
8100,06/18/24 07:50:00 PM,27.665,,,
8101,06/18/24 08:00:00 PM,27.665,,,
8102,06/18/24 08:10:00 PM,27.764,,,
8103,06/18/24 08:20:00 PM,27.862,,,
8104,06/18/24 08:30:00 PM,27.862,,,
8105,06/18/24 08:40:00 PM,27.665,,,
8106,06/18/24 08:50:00 PM,27.567,,,
8107,06/18/24 09:00:00 PM,27.468,,,
8108,06/18/24 09:10:00 PM,27.173,,,
8109,06/18/24 09:20:00 PM,27.075,,,
8110,06/18/24 09:30:00 PM,26.977,,,
8111,06/18/24 09:40:00 PM,26.977,,,
8112,06/18/24 09:50:00 PM,26.977,,,
8113,06/18/24 10:00:00 PM,26.879,,,
8114,06/18/24 10:10:00 PM,26.879,,,
8115,06/18/24 10:20:00 PM,26.781,,,
8116,06/18/24 10:30:00 PM,26.683,,,
8117,06/18/24 10:40:00 PM,26.683,,,
8118,06/18/24 10:50:00 PM,26.683,,,
8119,06/18/24 11:00:00 PM,26.585,,,
8120,06/18/24 11:10:00 PM,26.585,,,
8121,06/18/24 11:20:00 PM,26.488,,,
8122,06/18/24 11:30:00 PM,26.585,,,
8123,06/18/24 11:40:00 PM,26.585,,,
8124,06/18/24 11:50:00 PM,26.488,,,
8125,06/19/24 12:00:00 AM,26.488,,,
8126,06/19/24 12:10:00 AM,26.488,,,
8127,06/19/24 12:20:00 AM,26.488,,,
8128,06/19/24 12:30:00 AM,26.488,,,
8129,06/19/24 12:40:00 AM,26.488,,,
8130,06/19/24 12:50:00 AM,26.488,,,
8131,06/19/24 01:00:00 AM,26.488,,,
8132,06/19/24 01:10:00 AM,26.488,,,
8133,06/19/24 01:20:00 AM,26.488,,,
8134,06/19/24 01:30:00 AM,26.488,,,
8135,06/19/24 01:40:00 AM,26.488,,,
8136,06/19/24 01:50:00 AM,26.488,,,
8137,06/19/24 02:00:00 AM,26.488,,,
8138,06/19/24 02:10:00 AM,26.488,,,
8139,06/19/24 02:20:00 AM,26.488,,,
8140,06/19/24 02:30:00 AM,26.488,,,
8141,06/19/24 02:40:00 AM,26.488,,,
8142,06/19/24 02:50:00 AM,26.488,,,
8143,06/19/24 03:00:00 AM,26.488,,,
8144,06/19/24 03:10:00 AM,26.488,,,
8145,06/19/24 03:20:00 AM,26.488,,,
8146,06/19/24 03:30:00 AM,26.488,,,
8147,06/19/24 03:40:00 AM,26.488,,,
8148,06/19/24 03:50:00 AM,26.488,,,
8149,06/19/24 04:00:00 AM,26.488,,,
8150,06/19/24 04:10:00 AM,26.488,,,
8151,06/19/24 04:20:00 AM,26.488,,,
8152,06/19/24 04:30:00 AM,26.488,,,
8153,06/19/24 04:40:00 AM,26.488,,,
8154,06/19/24 04:50:00 AM,26.488,,,
8155,06/19/24 05:00:00 AM,26.488,,,
8156,06/19/24 05:10:00 AM,26.488,,,
8157,06/19/24 05:20:00 AM,26.488,,,
8158,06/19/24 05:30:00 AM,26.390,,,
8159,06/19/24 05:40:00 AM,26.390,,,
8160,06/19/24 05:50:00 AM,26.390,,,
8161,06/19/24 06:00:00 AM,26.390,,,
8162,06/19/24 06:10:00 AM,26.390,,,
8163,06/19/24 06:20:00 AM,26.390,,,
8164,06/19/24 06:30:00 AM,26.390,,,
8165,06/19/24 06:40:00 AM,26.292,,,
8166,06/19/24 06:50:00 AM,26.292,,,
8167,06/19/24 07:00:00 AM,26.292,,,
8168,06/19/24 07:10:00 AM,26.292,,,
8169,06/19/24 07:20:00 AM,26.292,,,
8170,06/19/24 07:30:00 AM,26.292,,,
8171,06/19/24 07:40:00 AM,26.195,,,
8172,06/19/24 07:50:00 AM,26.097,,,
8173,06/19/24 08:00:00 AM,26.097,,,
8174,06/19/24 08:10:00 AM,26.097,,,
8175,06/19/24 08:20:00 AM,26.097,,,
8176,06/19/24 08:30:00 AM,26.097,,,
8177,06/19/24 08:40:00 AM,26.097,,,
8178,06/19/24 08:50:00 AM,26.097,,,
8179,06/19/24 09:00:00 AM,26.097,,,
8180,06/19/24 09:10:00 AM,26.097,,,
8181,06/19/24 09:20:00 AM,26.097,,,
8182,06/19/24 09:30:00 AM,26.195,,,
8183,06/19/24 09:40:00 AM,26.292,,,
8184,06/19/24 09:50:00 AM,26.292,,,
8185,06/19/24 10:00:00 AM,26.390,,,
8186,06/19/24 10:10:00 AM,26.390,,,
8187,06/19/24 10:20:00 AM,26.390,,,
8188,06/19/24 10:30:00 AM,26.390,,,
8189,06/19/24 10:40:00 AM,26.390,,,
8190,06/19/24 10:50:00 AM,26.390,,,
8191,06/19/24 11:00:00 AM,26.781,,,
8192,06/19/24 11:10:00 AM,26.879,,,
8193,06/19/24 11:20:00 AM,26.879,,,
8194,06/19/24 11:30:00 AM,26.879,,,
8195,06/19/24 11:40:00 AM,26.781,,,
8196,06/19/24 11:50:00 AM,27.075,,,
8197,06/19/24 12:00:00 PM,27.075,,,
8198,06/19/24 12:10:00 PM,27.272,,,
8199,06/19/24 12:20:00 PM,27.370,,,
8200,06/19/24 12:30:00 PM,27.272,,,
8201,06/19/24 12:40:00 PM,27.173,,,
8202,06/19/24 12:50:00 PM,27.468,,,
8203,06/19/24 01:00:00 PM,27.173,,,
8204,06/19/24 01:10:00 PM,27.075,,,
8205,06/19/24 01:20:00 PM,27.272,,,
8206,06/19/24 01:30:00 PM,27.272,,,
8207,06/19/24 01:40:00 PM,27.468,,,
8208,06/19/24 01:50:00 PM,27.665,,,
8209,06/19/24 02:00:00 PM,27.665,,,
8210,06/19/24 02:10:00 PM,27.764,,,
8211,06/19/24 02:20:00 PM,27.764,,,
8212,06/19/24 02:30:00 PM,27.862,,,
8213,06/19/24 02:40:00 PM,27.862,,,
8214,06/19/24 02:50:00 PM,27.961,,,
8215,06/19/24 03:00:00 PM,28.357,,,
8216,06/19/24 03:10:00 PM,28.159,,,
8217,06/19/24 03:20:00 PM,28.258,,,
8218,06/19/24 03:30:00 PM,28.060,,,
8219,06/19/24 03:40:00 PM,28.159,,,
8220,06/19/24 03:50:00 PM,28.060,,,
8221,06/19/24 04:00:00 PM,28.258,,,
8222,06/19/24 04:10:00 PM,28.258,,,
8223,06/19/24 04:20:00 PM,28.060,,,
8224,06/19/24 04:30:00 PM,28.258,,,
8225,06/19/24 04:40:00 PM,28.258,,,
8226,06/19/24 04:50:00 PM,28.357,,,
8227,06/19/24 05:00:00 PM,28.258,,,
8228,06/19/24 05:10:00 PM,28.357,,,
8229,06/19/24 05:20:00 PM,28.357,,,
8230,06/19/24 05:30:00 PM,28.258,,,
8231,06/19/24 05:40:00 PM,28.258,,,
8232,06/19/24 05:50:00 PM,28.159,,,
8233,06/19/24 06:00:00 PM,28.060,,,
8234,06/19/24 06:10:00 PM,28.060,,,
8235,06/19/24 06:20:00 PM,28.060,,,
8236,06/19/24 06:30:00 PM,28.060,,,
8237,06/19/24 06:40:00 PM,28.060,,,
8238,06/19/24 06:50:00 PM,28.060,,,
8239,06/19/24 07:00:00 PM,28.060,,,
8240,06/19/24 07:10:00 PM,28.060,,,
8241,06/19/24 07:20:00 PM,28.159,,,
8242,06/19/24 07:30:00 PM,28.159,,,
8243,06/19/24 07:40:00 PM,28.060,,,
8244,06/19/24 07:50:00 PM,28.060,,,
8245,06/19/24 08:00:00 PM,28.159,,,
8246,06/19/24 08:10:00 PM,28.258,,,
8247,06/19/24 08:20:00 PM,28.258,,,
8248,06/19/24 08:30:00 PM,28.258,,,
8249,06/19/24 08:40:00 PM,28.258,,,
8250,06/19/24 08:50:00 PM,28.258,,,
8251,06/19/24 09:00:00 PM,28.258,,,
8252,06/19/24 09:10:00 PM,28.159,,,
8253,06/19/24 09:20:00 PM,27.961,,,
8254,06/19/24 09:30:00 PM,27.961,,,
8255,06/19/24 09:40:00 PM,27.961,,,
8256,06/19/24 09:50:00 PM,27.961,,,
8257,06/19/24 10:00:00 PM,27.862,,,
8258,06/19/24 10:10:00 PM,27.764,,,
8259,06/19/24 10:20:00 PM,27.567,,,
8260,06/19/24 10:30:00 PM,27.468,,,
8261,06/19/24 10:40:00 PM,27.468,,,
8262,06/19/24 10:50:00 PM,27.370,,,
8263,06/19/24 11:00:00 PM,27.272,,,
8264,06/19/24 11:10:00 PM,27.272,,,
8265,06/19/24 11:20:00 PM,27.272,,,
8266,06/19/24 11:30:00 PM,27.173,,,
8267,06/19/24 11:40:00 PM,27.173,,,
8268,06/19/24 11:50:00 PM,27.173,,,
8269,06/20/24 12:00:00 AM,27.173,,,
8270,06/20/24 12:10:00 AM,27.272,,,
8271,06/20/24 12:20:00 AM,27.272,,,
8272,06/20/24 12:30:00 AM,27.272,,,
8273,06/20/24 12:40:00 AM,27.272,,,
8274,06/20/24 12:50:00 AM,27.272,,,
8275,06/20/24 01:00:00 AM,27.173,,,
8276,06/20/24 01:10:00 AM,27.173,,,
8277,06/20/24 01:20:00 AM,27.075,,,
8278,06/20/24 01:30:00 AM,27.075,,,
8279,06/20/24 01:40:00 AM,27.075,,,
8280,06/20/24 01:50:00 AM,27.075,,,
8281,06/20/24 02:00:00 AM,27.075,,,
8282,06/20/24 02:10:00 AM,26.977,,,
8283,06/20/24 02:20:00 AM,26.977,,,
8284,06/20/24 02:30:00 AM,26.977,,,
8285,06/20/24 02:40:00 AM,26.977,,,
8286,06/20/24 02:50:00 AM,26.879,,,
8287,06/20/24 03:00:00 AM,26.879,,,
8288,06/20/24 03:10:00 AM,26.879,,,
8289,06/20/24 03:20:00 AM,26.781,,,
8290,06/20/24 03:30:00 AM,26.781,,,
8291,06/20/24 03:40:00 AM,26.781,,,
8292,06/20/24 03:50:00 AM,26.781,,,
8293,06/20/24 04:00:00 AM,26.781,,,
8294,06/20/24 04:10:00 AM,26.781,,,
8295,06/20/24 04:20:00 AM,26.781,,,
8296,06/20/24 04:30:00 AM,26.781,,,
8297,06/20/24 04:40:00 AM,26.781,,,
8298,06/20/24 04:50:00 AM,26.781,,,
8299,06/20/24 05:00:00 AM,26.781,,,
8300,06/20/24 05:10:00 AM,26.879,,,
8301,06/20/24 05:20:00 AM,26.781,,,
8302,06/20/24 05:30:00 AM,26.879,,,
8303,06/20/24 05:40:00 AM,26.879,,,
8304,06/20/24 05:50:00 AM,26.781,,,
8305,06/20/24 06:00:00 AM,26.781,,,
8306,06/20/24 06:10:00 AM,26.683,,,
8307,06/20/24 06:20:00 AM,26.585,,,
8308,06/20/24 06:30:00 AM,26.585,,,
8309,06/20/24 06:40:00 AM,26.488,,,
8310,06/20/24 06:50:00 AM,26.488,,,
8311,06/20/24 07:00:00 AM,26.488,,,
8312,06/20/24 07:10:00 AM,26.390,,,
8313,06/20/24 07:20:00 AM,26.390,,,
8314,06/20/24 07:30:00 AM,26.390,,,
8315,06/20/24 07:40:00 AM,26.390,,,
8316,06/20/24 07:50:00 AM,26.292,,,
8317,06/20/24 08:00:00 AM,26.292,,,
8318,06/20/24 08:10:00 AM,26.292,,,
8319,06/20/24 08:20:00 AM,26.292,,,
8320,06/20/24 08:30:00 AM,26.292,,,
8321,06/20/24 08:40:00 AM,26.292,,,
8322,06/20/24 08:50:00 AM,26.292,,,
8323,06/20/24 09:00:00 AM,26.292,,,
8324,06/20/24 09:10:00 AM,26.390,,,
8325,06/20/24 09:20:00 AM,26.390,,,
8326,06/20/24 09:30:00 AM,26.488,,,
8327,06/20/24 09:40:00 AM,26.390,,,
8328,06/20/24 09:50:00 AM,26.390,,,
8329,06/20/24 10:00:00 AM,26.390,,,
8330,06/20/24 10:10:00 AM,26.488,,,
8331,06/20/24 10:20:00 AM,26.488,,,
8332,06/20/24 10:30:00 AM,26.585,,,
8333,06/20/24 10:40:00 AM,26.683,,,
8334,06/20/24 10:50:00 AM,26.879,,,
8335,06/20/24 11:00:00 AM,26.977,,,
8336,06/20/24 11:10:00 AM,26.977,,,
8337,06/20/24 11:20:00 AM,27.173,,,
8338,06/20/24 11:30:00 AM,27.272,,,
8339,06/20/24 11:40:00 AM,27.272,,,
8340,06/20/24 11:50:00 AM,27.567,,,
8341,06/20/24 12:00:00 PM,27.665,,,
8342,06/20/24 12:10:00 PM,27.764,,,
8343,06/20/24 12:20:00 PM,27.961,,,
8344,06/20/24 12:30:00 PM,28.060,,,
8345,06/20/24 12:40:00 PM,28.060,,,
8346,06/20/24 12:50:00 PM,28.060,,,
8347,06/20/24 01:00:00 PM,27.961,,,
8348,06/20/24 01:10:00 PM,28.060,,,
8349,06/20/24 01:20:00 PM,28.159,,,
8350,06/20/24 01:30:00 PM,28.060,,,
8351,06/20/24 01:40:00 PM,27.665,,,
8352,06/20/24 01:50:00 PM,27.764,,,
8353,06/20/24 02:00:00 PM,27.764,,,
8354,06/20/24 02:10:00 PM,27.862,,,
8355,06/20/24 02:20:00 PM,27.764,,,
8356,06/20/24 02:30:00 PM,27.862,,,
8357,06/20/24 02:40:00 PM,27.764,,,
8358,06/20/24 02:50:00 PM,27.862,,,
8359,06/20/24 03:00:00 PM,27.862,,,
8360,06/20/24 03:10:00 PM,27.764,,,
8361,06/20/24 03:20:00 PM,27.862,,,
8362,06/20/24 03:30:00 PM,27.862,,,
8363,06/20/24 03:40:00 PM,27.961,,,
8364,06/20/24 03:50:00 PM,28.060,,,
8365,06/20/24 04:00:00 PM,28.060,,,
8366,06/20/24 04:10:00 PM,27.961,,,
8367,06/20/24 04:20:00 PM,27.961,,,
8368,06/20/24 04:30:00 PM,27.862,,,
8369,06/20/24 04:40:00 PM,27.862,,,
8370,06/20/24 04:50:00 PM,27.961,,,
8371,06/20/24 05:00:00 PM,27.961,,,
8372,06/20/24 05:10:00 PM,27.764,,,
8373,06/20/24 05:20:00 PM,27.764,,,
8374,06/20/24 05:30:00 PM,27.862,,,
8375,06/20/24 05:40:00 PM,27.862,,,
8376,06/20/24 05:50:00 PM,27.862,,,
8377,06/20/24 06:00:00 PM,27.862,,,
8378,06/20/24 06:10:00 PM,27.862,,,
8379,06/20/24 06:20:00 PM,27.862,,,
8380,06/20/24 06:30:00 PM,27.862,,,
8381,06/20/24 06:40:00 PM,27.862,,,
8382,06/20/24 06:50:00 PM,27.862,,,
8383,06/20/24 07:00:00 PM,27.862,,,
8384,06/20/24 07:10:00 PM,27.862,,,
8385,06/20/24 07:20:00 PM,27.764,,,
8386,06/20/24 07:30:00 PM,27.665,,,
8387,06/20/24 07:40:00 PM,27.665,,,
8388,06/20/24 07:50:00 PM,27.567,,,
8389,06/20/24 08:00:00 PM,27.567,,,
8390,06/20/24 08:10:00 PM,27.567,,,
8391,06/20/24 08:20:00 PM,27.567,,,
8392,06/20/24 08:30:00 PM,27.468,,,
8393,06/20/24 08:40:00 PM,27.468,,,
8394,06/20/24 08:50:00 PM,27.370,,,
8395,06/20/24 09:00:00 PM,27.370,,,
8396,06/20/24 09:10:00 PM,27.370,,,
8397,06/20/24 09:20:00 PM,27.272,,,
8398,06/20/24 09:30:00 PM,27.272,,,
8399,06/20/24 09:40:00 PM,27.272,,,
8400,06/20/24 09:50:00 PM,27.272,,,
8401,06/20/24 10:00:00 PM,27.272,,,
8402,06/20/24 10:10:00 PM,27.272,,,
8403,06/20/24 10:20:00 PM,27.272,,,
8404,06/20/24 10:30:00 PM,27.272,,,
8405,06/20/24 10:40:00 PM,27.272,,,
8406,06/20/24 10:50:00 PM,27.272,,,
8407,06/20/24 11:00:00 PM,27.272,,,
8408,06/20/24 11:10:00 PM,27.272,,,
8409,06/20/24 11:20:00 PM,27.272,,,
8410,06/20/24 11:30:00 PM,27.272,,,
8411,06/20/24 11:40:00 PM,27.272,,,
8412,06/20/24 11:50:00 PM,27.272,,,
8413,06/21/24 12:00:00 AM,27.272,,,
8414,06/21/24 12:10:00 AM,27.173,,,
8415,06/21/24 12:20:00 AM,27.173,,,
8416,06/21/24 12:30:00 AM,27.173,,,
8417,06/21/24 12:40:00 AM,27.173,,,
8418,06/21/24 12:50:00 AM,27.173,,,
8419,06/21/24 01:00:00 AM,27.173,,,
8420,06/21/24 01:10:00 AM,27.173,,,
8421,06/21/24 01:20:00 AM,27.173,,,
8422,06/21/24 01:30:00 AM,27.173,,,
8423,06/21/24 01:40:00 AM,27.173,,,
8424,06/21/24 01:50:00 AM,27.173,,,
8425,06/21/24 02:00:00 AM,27.173,,,
8426,06/21/24 02:10:00 AM,27.173,,,
8427,06/21/24 02:20:00 AM,27.075,,,
8428,06/21/24 02:30:00 AM,27.075,,,
8429,06/21/24 02:40:00 AM,27.075,,,
8430,06/21/24 02:50:00 AM,27.075,,,
8431,06/21/24 03:00:00 AM,27.075,,,
8432,06/21/24 03:10:00 AM,27.075,,,
8433,06/21/24 03:20:00 AM,27.075,,,
8434,06/21/24 03:30:00 AM,27.075,,,
8435,06/21/24 03:40:00 AM,27.075,,,
8436,06/21/24 03:50:00 AM,26.977,,,
8437,06/21/24 04:00:00 AM,26.977,,,
8438,06/21/24 04:10:00 AM,26.977,,,
8439,06/21/24 04:20:00 AM,26.977,,,
8440,06/21/24 04:30:00 AM,26.977,,,
8441,06/21/24 04:40:00 AM,26.879,,,
8442,06/21/24 04:50:00 AM,26.879,,,
8443,06/21/24 05:00:00 AM,26.879,,,
8444,06/21/24 05:10:00 AM,26.781,,,
8445,06/21/24 05:20:00 AM,26.781,,,
8446,06/21/24 05:30:00 AM,26.683,,,
8447,06/21/24 05:40:00 AM,26.683,,,
8448,06/21/24 05:50:00 AM,26.585,,,
8449,06/21/24 06:00:00 AM,26.585,,,
8450,06/21/24 06:10:00 AM,26.488,,,
8451,06/21/24 06:20:00 AM,26.488,,,
8452,06/21/24 06:30:00 AM,26.488,,,
8453,06/21/24 06:40:00 AM,26.488,,,
8454,06/21/24 06:50:00 AM,26.390,,,
8455,06/21/24 07:00:00 AM,26.390,,,
8456,06/21/24 07:10:00 AM,26.390,,,
8457,06/21/24 07:20:00 AM,26.292,,,
8458,06/21/24 07:30:00 AM,26.292,,,
8459,06/21/24 07:40:00 AM,26.292,,,
8460,06/21/24 07:50:00 AM,26.292,,,
8461,06/21/24 08:00:00 AM,26.292,,,
8462,06/21/24 08:10:00 AM,26.292,,,
8463,06/21/24 08:20:00 AM,26.292,,,
8464,06/21/24 08:30:00 AM,26.292,,,
8465,06/21/24 08:40:00 AM,26.292,,,
8466,06/21/24 08:50:00 AM,26.390,,,
8467,06/21/24 09:00:00 AM,26.390,,,
8468,06/21/24 09:10:00 AM,26.488,,,
8469,06/21/24 09:20:00 AM,26.195,,,
8470,06/21/24 09:30:00 AM,26.292,,,
8471,06/21/24 09:40:00 AM,26.292,,,
8472,06/21/24 09:50:00 AM,26.390,,,
8473,06/21/24 10:00:00 AM,26.390,,,
8474,06/21/24 10:10:00 AM,26.488,,,
8475,06/21/24 10:20:00 AM,26.488,,,
8476,06/21/24 10:30:00 AM,26.683,,,
8477,06/21/24 10:40:00 AM,26.781,,,
8478,06/21/24 10:50:00 AM,26.879,,,
8479,06/21/24 11:00:00 AM,26.977,,,
8480,06/21/24 11:10:00 AM,26.977,,,
8481,06/21/24 11:20:00 AM,27.173,,,
8482,06/21/24 11:30:00 AM,27.272,,,
8483,06/21/24 11:40:00 AM,27.370,,,
8484,06/21/24 11:50:00 AM,27.665,,,
8485,06/21/24 12:00:00 PM,27.862,,,
8486,06/21/24 12:10:00 PM,27.961,,,
8487,06/21/24 12:20:00 PM,28.060,,,
8488,06/21/24 12:30:00 PM,28.357,,,
8489,06/21/24 12:40:00 PM,28.456,,,
8490,06/21/24 12:50:00 PM,28.555,,,
8491,06/21/24 01:00:00 PM,28.655,,,
8492,06/21/24 01:10:00 PM,28.853,,,
8493,06/21/24 01:20:00 PM,28.953,,,
8494,06/21/24 01:30:00 PM,29.053,,,
8495,06/21/24 01:40:00 PM,29.152,,,
8496,06/21/24 01:50:00 PM,29.152,,,
8497,06/21/24 02:00:00 PM,29.152,,,
8498,06/21/24 02:10:00 PM,29.252,,,
8499,06/21/24 02:20:00 PM,29.252,,,
8500,06/21/24 02:30:00 PM,29.252,,,
8501,06/21/24 02:40:00 PM,29.252,,,
8502,06/21/24 02:50:00 PM,29.252,,,
8503,06/21/24 03:00:00 PM,29.252,,,
8504,06/21/24 03:10:00 PM,29.252,,,
8505,06/21/24 03:20:00 PM,29.152,,,
8506,06/21/24 03:30:00 PM,29.152,,,
8507,06/21/24 03:40:00 PM,29.053,,,
8508,06/21/24 03:50:00 PM,28.853,,,
8509,06/21/24 04:00:00 PM,28.655,,,
8510,06/21/24 04:10:00 PM,28.555,,,
8511,06/21/24 04:20:00 PM,28.456,,,
8512,06/21/24 04:30:00 PM,28.258,,,
8513,06/21/24 04:40:00 PM,28.060,,,
8514,06/21/24 04:50:00 PM,27.961,,,
8515,06/21/24 05:00:00 PM,28.060,,,
8516,06/21/24 05:10:00 PM,28.060,,,
8517,06/21/24 05:20:00 PM,28.060,,,
8518,06/21/24 05:30:00 PM,28.159,,,
8519,06/21/24 05:40:00 PM,28.159,,,
8520,06/21/24 05:50:00 PM,28.159,,,
8521,06/21/24 06:00:00 PM,28.258,,,
8522,06/21/24 06:10:00 PM,28.357,,,
8523,06/21/24 06:20:00 PM,28.456,,,
8524,06/21/24 06:30:00 PM,28.655,,,
8525,06/21/24 06:40:00 PM,28.655,,,
8526,06/21/24 06:50:00 PM,28.555,,,
8527,06/21/24 07:00:00 PM,28.456,,,
8528,06/21/24 07:10:00 PM,28.357,,,
8529,06/21/24 07:20:00 PM,28.357,,,
8530,06/21/24 07:30:00 PM,28.456,,,
8531,06/21/24 07:40:00 PM,28.357,,,
8532,06/21/24 07:50:00 PM,28.357,,,
8533,06/21/24 08:00:00 PM,28.456,,,
8534,06/21/24 08:10:00 PM,28.357,,,
8535,06/21/24 08:20:00 PM,28.258,,,
8536,06/21/24 08:30:00 PM,28.159,,,
8537,06/21/24 08:40:00 PM,28.060,,,
8538,06/21/24 08:50:00 PM,28.060,,,
8539,06/21/24 09:00:00 PM,27.961,,,
8540,06/21/24 09:10:00 PM,27.961,,,
8541,06/21/24 09:20:00 PM,27.961,,,
8542,06/21/24 09:30:00 PM,27.862,,,
8543,06/21/24 09:40:00 PM,27.862,,,
8544,06/21/24 09:50:00 PM,27.862,,,
8545,06/21/24 10:00:00 PM,27.862,,,
8546,06/21/24 10:10:00 PM,27.862,,,
8547,06/21/24 10:20:00 PM,27.862,,,
8548,06/21/24 10:30:00 PM,27.764,,,
8549,06/21/24 10:40:00 PM,27.764,,,
8550,06/21/24 10:50:00 PM,27.764,,,
8551,06/21/24 11:00:00 PM,27.764,,,
8552,06/21/24 11:10:00 PM,27.665,,,
8553,06/21/24 11:20:00 PM,27.665,,,
8554,06/21/24 11:30:00 PM,27.665,,,
8555,06/21/24 11:40:00 PM,27.665,,,
8556,06/21/24 11:50:00 PM,27.665,,,
8557,06/22/24 12:00:00 AM,27.665,,,
8558,06/22/24 12:10:00 AM,27.665,,,
8559,06/22/24 12:20:00 AM,27.665,,,
8560,06/22/24 12:30:00 AM,27.665,,,
8561,06/22/24 12:40:00 AM,27.567,,,
8562,06/22/24 12:50:00 AM,27.567,,,
8563,06/22/24 01:00:00 AM,27.567,,,
8564,06/22/24 01:10:00 AM,27.567,,,
8565,06/22/24 01:20:00 AM,27.567,,,
8566,06/22/24 01:30:00 AM,27.567,,,
8567,06/22/24 01:40:00 AM,27.468,,,
8568,06/22/24 01:50:00 AM,27.468,,,
8569,06/22/24 02:00:00 AM,27.468,,,
8570,06/22/24 02:10:00 AM,27.468,,,
8571,06/22/24 02:20:00 AM,27.468,,,
8572,06/22/24 02:30:00 AM,27.468,,,
8573,06/22/24 02:40:00 AM,27.468,,,
8574,06/22/24 02:50:00 AM,27.468,,,
8575,06/22/24 03:00:00 AM,27.468,,,
8576,06/22/24 03:10:00 AM,27.468,,,
8577,06/22/24 03:20:00 AM,27.468,,,
8578,06/22/24 03:30:00 AM,27.468,,,
8579,06/22/24 03:40:00 AM,27.468,,,
8580,06/22/24 03:50:00 AM,27.468,,,
8581,06/22/24 04:00:00 AM,27.468,,,
8582,06/22/24 04:10:00 AM,27.468,,,
8583,06/22/24 04:20:00 AM,27.468,,,
8584,06/22/24 04:30:00 AM,27.468,,,
8585,06/22/24 04:40:00 AM,27.468,,,
8586,06/22/24 04:50:00 AM,27.468,,,
8587,06/22/24 05:00:00 AM,27.370,,,
8588,06/22/24 05:10:00 AM,27.370,,,
8589,06/22/24 05:20:00 AM,27.272,,,
8590,06/22/24 05:30:00 AM,27.272,,,
8591,06/22/24 05:40:00 AM,27.272,,,
8592,06/22/24 05:50:00 AM,27.173,,,
8593,06/22/24 06:00:00 AM,27.173,,,
8594,06/22/24 06:10:00 AM,27.075,,,
8595,06/22/24 06:20:00 AM,27.075,,,
8596,06/22/24 06:30:00 AM,27.075,,,
8597,06/22/24 06:40:00 AM,26.977,,,
8598,06/22/24 06:50:00 AM,26.977,,,
8599,06/22/24 07:00:00 AM,26.879,,,
8600,06/22/24 07:10:00 AM,26.879,,,
8601,06/22/24 07:20:00 AM,26.879,,,
8602,06/22/24 07:30:00 AM,26.781,,,
8603,06/22/24 07:40:00 AM,26.781,,,
8604,06/22/24 07:50:00 AM,26.781,,,
8605,06/22/24 08:00:00 AM,26.781,,,
8606,06/22/24 08:10:00 AM,26.781,,,
8607,06/22/24 08:20:00 AM,26.781,,,
8608,06/22/24 08:30:00 AM,26.879,,,
8609,06/22/24 08:40:00 AM,26.879,,,
8610,06/22/24 08:50:00 AM,26.879,,,
8611,06/22/24 09:00:00 AM,26.683,,,
8612,06/22/24 09:10:00 AM,26.879,,,
8613,06/22/24 09:20:00 AM,26.781,,,
8614,06/22/24 09:30:00 AM,26.879,,,
8615,06/22/24 09:40:00 AM,26.879,,,
8616,06/22/24 09:50:00 AM,26.977,,,
8617,06/22/24 10:00:00 AM,26.977,,,
8618,06/22/24 10:10:00 AM,27.075,,,
8619,06/22/24 10:20:00 AM,27.173,,,
8620,06/22/24 10:30:00 AM,27.272,,,
8621,06/22/24 10:40:00 AM,27.272,,,
8622,06/22/24 10:50:00 AM,27.370,,,
8623,06/22/24 11:00:00 AM,27.468,,,
8624,06/22/24 11:10:00 AM,27.567,,,
8625,06/22/24 11:20:00 AM,27.665,,,
8626,06/22/24 11:30:00 AM,27.764,,,
8627,06/22/24 11:40:00 AM,27.862,,,
8628,06/22/24 11:50:00 AM,28.060,,,
8629,06/22/24 12:00:00 PM,27.961,,,
8630,06/22/24 12:10:00 PM,28.060,,,
8631,06/22/24 12:20:00 PM,28.258,,,
8632,06/22/24 12:30:00 PM,28.456,,,
8633,06/22/24 12:40:00 PM,28.655,,,
8634,06/22/24 12:50:00 PM,28.754,,,
8635,06/22/24 01:00:00 PM,28.754,,,
8636,06/22/24 01:10:00 PM,28.754,,,
8637,06/22/24 01:20:00 PM,28.754,,,
8638,06/22/24 01:30:00 PM,28.853,,,
8639,06/22/24 01:40:00 PM,28.953,,,
8640,06/22/24 01:50:00 PM,29.053,,,
8641,06/22/24 02:00:00 PM,28.853,,,
8642,06/22/24 02:10:00 PM,28.754,,,
8643,06/22/24 02:20:00 PM,28.853,,,
8644,06/22/24 02:30:00 PM,28.555,,,
8645,06/22/24 02:40:00 PM,28.655,,,
8646,06/22/24 02:50:00 PM,28.853,,,
8647,06/22/24 03:00:00 PM,28.853,,,
8648,06/22/24 03:10:00 PM,28.754,,,
8649,06/22/24 03:20:00 PM,28.853,,,
8650,06/22/24 03:30:00 PM,29.053,,,
8651,06/22/24 03:40:00 PM,29.252,,,
8652,06/22/24 03:50:00 PM,29.352,,,
8653,06/22/24 04:00:00 PM,29.252,,,
8654,06/22/24 04:10:00 PM,29.252,,,
8655,06/22/24 04:20:00 PM,29.252,,,
8656,06/22/24 04:30:00 PM,29.352,,,
8657,06/22/24 04:40:00 PM,29.452,,,
8658,06/22/24 04:50:00 PM,29.252,,,
8659,06/22/24 05:00:00 PM,29.053,,,
8660,06/22/24 05:10:00 PM,29.053,,,
8661,06/22/24 05:20:00 PM,29.053,,,
8662,06/22/24 05:30:00 PM,29.053,,,
8663,06/22/24 05:40:00 PM,28.953,,,
8664,06/22/24 05:50:00 PM,28.853,,,
8665,06/22/24 06:00:00 PM,28.853,,,
8666,06/22/24 06:10:00 PM,28.853,,,
8667,06/22/24 06:20:00 PM,28.754,,,
8668,06/22/24 06:30:00 PM,28.655,,,
8669,06/22/24 06:40:00 PM,28.655,,,
8670,06/22/24 06:50:00 PM,28.655,,,
8671,06/22/24 07:00:00 PM,28.655,,,
8672,06/22/24 07:10:00 PM,28.655,,,
8673,06/22/24 07:20:00 PM,28.655,,,
8674,06/22/24 07:30:00 PM,28.754,,,
8675,06/22/24 07:40:00 PM,28.754,,,
8676,06/22/24 07:50:00 PM,28.853,,,
8677,06/22/24 08:00:00 PM,28.754,,,
8678,06/22/24 08:10:00 PM,28.754,,,
8679,06/22/24 08:20:00 PM,28.754,,,
8680,06/22/24 08:30:00 PM,28.655,,,
8681,06/22/24 08:40:00 PM,28.555,,,
8682,06/22/24 08:50:00 PM,28.456,,,
8683,06/22/24 09:00:00 PM,28.456,,,
8684,06/22/24 09:10:00 PM,28.357,,,
8685,06/22/24 09:20:00 PM,28.258,,,
8686,06/22/24 09:30:00 PM,28.258,,,
8687,06/22/24 09:40:00 PM,28.060,,,
8688,06/22/24 09:50:00 PM,28.060,,,
8689,06/22/24 10:00:00 PM,27.961,,,
8690,06/22/24 10:10:00 PM,27.862,,,
8691,06/22/24 10:20:00 PM,27.862,,,
8692,06/22/24 10:30:00 PM,27.862,,,
8693,06/22/24 10:40:00 PM,27.862,,,
8694,06/22/24 10:50:00 PM,27.764,,,
8695,06/22/24 11:00:00 PM,27.764,,,
8696,06/22/24 11:10:00 PM,27.764,,,
8697,06/22/24 11:20:00 PM,27.764,,,
8698,06/22/24 11:30:00 PM,27.764,,,
8699,06/22/24 11:40:00 PM,27.764,,,
8700,06/22/24 11:50:00 PM,27.764,,,
8701,06/23/24 12:00:00 AM,27.764,,,
8702,06/23/24 12:10:00 AM,27.764,,,
8703,06/23/24 12:20:00 AM,27.764,,,
8704,06/23/24 12:30:00 AM,27.764,,,
8705,06/23/24 12:40:00 AM,27.764,,,
8706,06/23/24 12:50:00 AM,27.764,,,
8707,06/23/24 01:00:00 AM,27.764,,,
8708,06/23/24 01:10:00 AM,27.764,,,
8709,06/23/24 01:20:00 AM,27.764,,,
8710,06/23/24 01:30:00 AM,27.764,,,
8711,06/23/24 01:40:00 AM,27.764,,,
8712,06/23/24 01:50:00 AM,27.764,,,
8713,06/23/24 02:00:00 AM,27.764,,,
8714,06/23/24 02:10:00 AM,27.764,,,
8715,06/23/24 02:20:00 AM,27.764,,,
8716,06/23/24 02:30:00 AM,27.764,,,
8717,06/23/24 02:40:00 AM,27.764,,,
8718,06/23/24 02:50:00 AM,27.665,,,
8719,06/23/24 03:00:00 AM,27.665,,,
8720,06/23/24 03:10:00 AM,27.665,,,
8721,06/23/24 03:20:00 AM,27.665,,,
8722,06/23/24 03:30:00 AM,27.665,,,
8723,06/23/24 03:40:00 AM,27.665,,,
8724,06/23/24 03:50:00 AM,27.665,,,
8725,06/23/24 04:00:00 AM,27.665,,,
8726,06/23/24 04:10:00 AM,27.665,,,
8727,06/23/24 04:20:00 AM,27.567,,,
8728,06/23/24 04:30:00 AM,27.567,,,
8729,06/23/24 04:40:00 AM,27.567,,,
8730,06/23/24 04:50:00 AM,27.567,,,
8731,06/23/24 05:00:00 AM,27.468,,,
8732,06/23/24 05:10:00 AM,27.468,,,
8733,06/23/24 05:20:00 AM,27.468,,,
8734,06/23/24 05:30:00 AM,27.468,,,
8735,06/23/24 05:40:00 AM,27.468,,,
8736,06/23/24 05:50:00 AM,27.370,,,
8737,06/23/24 06:00:00 AM,27.370,,,
8738,06/23/24 06:10:00 AM,27.272,,,
8739,06/23/24 06:20:00 AM,27.272,,,
8740,06/23/24 06:30:00 AM,27.272,,,
8741,06/23/24 06:40:00 AM,27.173,,,
8742,06/23/24 06:50:00 AM,27.173,,,
8743,06/23/24 07:00:00 AM,27.075,,,
8744,06/23/24 07:10:00 AM,27.075,,,
8745,06/23/24 07:20:00 AM,27.075,,,
8746,06/23/24 07:30:00 AM,27.075,,,
8747,06/23/24 07:40:00 AM,26.977,,,
8748,06/23/24 07:50:00 AM,26.977,,,
8749,06/23/24 08:00:00 AM,27.075,,,
8750,06/23/24 08:10:00 AM,27.075,,,
8751,06/23/24 08:20:00 AM,27.075,,,
8752,06/23/24 08:30:00 AM,27.173,,,
8753,06/23/24 08:40:00 AM,27.173,,,
8754,06/23/24 08:50:00 AM,27.075,,,
8755,06/23/24 09:00:00 AM,27.075,,,
8756,06/23/24 09:10:00 AM,27.075,,,
8757,06/23/24 09:20:00 AM,27.173,,,
8758,06/23/24 09:30:00 AM,27.272,,,
8759,06/23/24 09:40:00 AM,27.272,,,
8760,06/23/24 09:50:00 AM,27.075,,,
8761,06/23/24 10:00:00 AM,27.173,,,
8762,06/23/24 10:10:00 AM,27.272,,,
8763,06/23/24 10:20:00 AM,27.173,,,
8764,06/23/24 10:30:00 AM,27.272,,,
8765,06/23/24 10:40:00 AM,27.272,,,
8766,06/23/24 10:50:00 AM,27.370,,,
8767,06/23/24 11:00:00 AM,27.370,,,
8768,06/23/24 11:10:00 AM,27.468,,,
8769,06/23/24 11:20:00 AM,27.468,,,
8770,06/23/24 11:30:00 AM,27.665,,,
8771,06/23/24 11:40:00 AM,27.665,,,
8772,06/23/24 11:50:00 AM,27.665,,,
8773,06/23/24 12:00:00 PM,27.665,,,
8774,06/23/24 12:10:00 PM,27.665,,,
8775,06/23/24 12:20:00 PM,27.764,,,
8776,06/23/24 12:30:00 PM,27.764,,,
8777,06/23/24 12:40:00 PM,27.862,,,
8778,06/23/24 12:50:00 PM,27.862,,,
8779,06/23/24 01:00:00 PM,27.862,,,
8780,06/23/24 01:10:00 PM,27.764,,,
8781,06/23/24 01:20:00 PM,27.862,,,
8782,06/23/24 01:30:00 PM,27.764,,,
8783,06/23/24 01:40:00 PM,27.862,,,
8784,06/23/24 01:50:00 PM,27.764,,,
8785,06/23/24 02:00:00 PM,27.764,,,
8786,06/23/24 02:10:00 PM,27.862,,,
8787,06/23/24 02:20:00 PM,27.862,,,
8788,06/23/24 02:30:00 PM,27.862,,,
8789,06/23/24 02:40:00 PM,27.862,,,
8790,06/23/24 02:50:00 PM,27.862,,,
8791,06/23/24 03:00:00 PM,27.862,,,
8792,06/23/24 03:10:00 PM,27.862,,,
8793,06/23/24 03:20:00 PM,27.862,,,
8794,06/23/24 03:30:00 PM,27.862,,,
8795,06/23/24 03:40:00 PM,27.862,,,
8796,06/23/24 03:50:00 PM,27.862,,,
8797,06/23/24 04:00:00 PM,27.862,,,
8798,06/23/24 04:10:00 PM,27.862,,,
8799,06/23/24 04:20:00 PM,27.862,,,
8800,06/23/24 04:30:00 PM,27.862,,,
8801,06/23/24 04:40:00 PM,27.862,,,
8802,06/23/24 04:50:00 PM,27.862,,,
8803,06/23/24 05:00:00 PM,27.862,,,
8804,06/23/24 05:10:00 PM,27.862,,,
8805,06/23/24 05:20:00 PM,27.764,,,
8806,06/23/24 05:30:00 PM,27.764,,,
8807,06/23/24 05:40:00 PM,27.764,,,
8808,06/23/24 05:50:00 PM,27.764,,,
8809,06/23/24 06:00:00 PM,27.665,,,
8810,06/23/24 06:10:00 PM,27.665,,,
8811,06/23/24 06:20:00 PM,27.665,,,
8812,06/23/24 06:30:00 PM,27.567,,,
8813,06/23/24 06:40:00 PM,27.567,,,
8814,06/23/24 06:50:00 PM,27.567,,,
8815,06/23/24 07:00:00 PM,27.468,,,
8816,06/23/24 07:10:00 PM,27.468,,,
8817,06/23/24 07:20:00 PM,27.468,,,
8818,06/23/24 07:30:00 PM,27.370,,,
8819,06/23/24 07:40:00 PM,27.370,,,
8820,06/23/24 07:50:00 PM,27.370,,,
8821,06/23/24 08:00:00 PM,27.272,,,
8822,06/23/24 08:10:00 PM,27.272,,,
8823,06/23/24 08:20:00 PM,27.272,,,
8824,06/23/24 08:30:00 PM,27.272,,,
8825,06/23/24 08:40:00 PM,27.272,,,
8826,06/23/24 08:50:00 PM,27.272,,,
8827,06/23/24 09:00:00 PM,27.272,,,
8828,06/23/24 09:10:00 PM,27.272,,,
8829,06/23/24 09:20:00 PM,27.272,,,
8830,06/23/24 09:30:00 PM,27.272,,,
8831,06/23/24 09:40:00 PM,27.272,,,
8832,06/23/24 09:50:00 PM,27.272,,,
8833,06/23/24 10:00:00 PM,27.173,,,
8834,06/23/24 10:10:00 PM,27.173,,,
8835,06/23/24 10:20:00 PM,27.173,,,
8836,06/23/24 10:30:00 PM,27.173,,,
8837,06/23/24 10:40:00 PM,27.173,,,
8838,06/23/24 10:50:00 PM,27.173,,,
8839,06/23/24 11:00:00 PM,27.173,,,
8840,06/23/24 11:10:00 PM,27.173,,,
8841,06/23/24 11:20:00 PM,27.173,,,
8842,06/23/24 11:30:00 PM,27.173,,,
8843,06/23/24 11:40:00 PM,27.173,,,
8844,06/23/24 11:50:00 PM,27.173,,,
8845,06/24/24 12:00:00 AM,27.173,,,
8846,06/24/24 12:10:00 AM,27.173,,,
8847,06/24/24 12:20:00 AM,27.173,,,
8848,06/24/24 12:30:00 AM,27.173,,,
8849,06/24/24 12:40:00 AM,27.173,,,
8850,06/24/24 12:50:00 AM,27.173,,,
8851,06/24/24 01:00:00 AM,27.173,,,
8852,06/24/24 01:10:00 AM,27.173,,,
8853,06/24/24 01:20:00 AM,27.173,,,
8854,06/24/24 01:30:00 AM,27.173,,,
8855,06/24/24 01:40:00 AM,27.173,,,
8856,06/24/24 01:50:00 AM,27.173,,,
8857,06/24/24 02:00:00 AM,27.173,,,
8858,06/24/24 02:10:00 AM,27.173,,,
8859,06/24/24 02:20:00 AM,27.173,,,
8860,06/24/24 02:30:00 AM,27.075,,,
8861,06/24/24 02:40:00 AM,27.075,,,
8862,06/24/24 02:50:00 AM,27.075,,,
8863,06/24/24 03:00:00 AM,27.075,,,
8864,06/24/24 03:10:00 AM,27.075,,,
8865,06/24/24 03:20:00 AM,26.977,,,
8866,06/24/24 03:30:00 AM,26.977,,,
8867,06/24/24 03:40:00 AM,26.977,,,
8868,06/24/24 03:50:00 AM,26.977,,,
8869,06/24/24 04:00:00 AM,26.977,,,
8870,06/24/24 04:10:00 AM,26.977,,,
8871,06/24/24 04:20:00 AM,26.879,,,
8872,06/24/24 04:30:00 AM,26.879,,,
8873,06/24/24 04:40:00 AM,26.879,,,
8874,06/24/24 04:50:00 AM,26.879,,,
8875,06/24/24 05:00:00 AM,26.879,,,
8876,06/24/24 05:10:00 AM,26.879,,,
8877,06/24/24 05:20:00 AM,26.781,,,
8878,06/24/24 05:30:00 AM,26.781,,,
8879,06/24/24 05:40:00 AM,26.781,,,
8880,06/24/24 05:50:00 AM,26.781,,,
8881,06/24/24 06:00:00 AM,26.683,,,
8882,06/24/24 06:10:00 AM,26.683,,,
8883,06/24/24 06:20:00 AM,26.585,,,
8884,06/24/24 06:30:00 AM,26.683,,,
8885,06/24/24 06:40:00 AM,26.585,,,
8886,06/24/24 06:50:00 AM,26.488,,,
8887,06/24/24 07:00:00 AM,26.488,,,
8888,06/24/24 07:10:00 AM,26.585,,,
8889,06/24/24 07:20:00 AM,26.488,,,
8890,06/24/24 07:30:00 AM,26.585,,,
8891,06/24/24 07:40:00 AM,26.488,,,
8892,06/24/24 07:50:00 AM,26.488,,,
8893,06/24/24 08:00:00 AM,26.488,,,
8894,06/24/24 08:10:00 AM,26.683,,,
8895,06/24/24 08:20:00 AM,26.683,,,
8896,06/24/24 08:30:00 AM,26.781,,,
8897,06/24/24 08:40:00 AM,26.781,,,
8898,06/24/24 08:50:00 AM,26.488,,,
8899,06/24/24 09:00:00 AM,26.683,,,
8900,06/24/24 09:10:00 AM,26.781,,,
8901,06/24/24 09:20:00 AM,27.075,,,
8902,06/24/24 09:30:00 AM,27.173,,,
8903,06/24/24 09:40:00 AM,27.075,,,
8904,06/24/24 09:50:00 AM,27.075,,,
8905,06/24/24 10:00:00 AM,27.075,,,
8906,06/24/24 10:10:00 AM,27.075,,,
8907,06/24/24 10:20:00 AM,27.173,,,
8908,06/24/24 10:30:00 AM,27.272,,,
8909,06/24/24 10:40:00 AM,27.272,,,
8910,06/24/24 10:50:00 AM,27.272,,,
8911,06/24/24 11:00:00 AM,27.468,,,
8912,06/24/24 11:10:00 AM,27.665,,,
8913,06/24/24 11:20:00 AM,27.567,,,
8914,06/24/24 11:30:00 AM,27.764,,,
8915,06/24/24 11:40:00 AM,27.665,,,
8916,06/24/24 11:50:00 AM,27.764,,,
8917,06/24/24 12:00:00 PM,27.862,,,
8918,06/24/24 12:10:00 PM,27.764,,,
8919,06/24/24 12:20:00 PM,27.862,,,
8920,06/24/24 12:30:00 PM,27.961,,,
8921,06/24/24 12:40:00 PM,27.961,,,
8922,06/24/24 12:50:00 PM,28.060,,,
8923,06/24/24 01:00:00 PM,28.060,,,
8924,06/24/24 01:10:00 PM,28.060,,,
8925,06/24/24 01:20:00 PM,28.258,,,
8926,06/24/24 01:30:00 PM,28.456,,,
8927,06/24/24 01:40:00 PM,28.555,,,
8928,06/24/24 01:50:00 PM,28.456,,,
8929,06/24/24 02:00:00 PM,28.555,,,
8930,06/24/24 02:10:00 PM,28.655,,,
8931,06/24/24 02:20:00 PM,28.655,,,
8932,06/24/24 02:30:00 PM,28.754,,,
8933,06/24/24 02:40:00 PM,28.555,,,
8934,06/24/24 02:50:00 PM,28.655,,,
8935,06/24/24 03:00:00 PM,28.655,,,
8936,06/24/24 03:10:00 PM,28.754,,,
8937,06/24/24 03:20:00 PM,28.754,,,
8938,06/24/24 03:30:00 PM,28.853,,,
8939,06/24/24 03:40:00 PM,28.754,,,
8940,06/24/24 03:50:00 PM,28.853,,,
8941,06/24/24 04:00:00 PM,28.953,,,
8942,06/24/24 04:10:00 PM,28.953,,,
8943,06/24/24 04:20:00 PM,28.953,,,
8944,06/24/24 04:30:00 PM,28.953,,,
8945,06/24/24 04:40:00 PM,28.853,,,
8946,06/24/24 04:50:00 PM,28.853,,,
8947,06/24/24 05:00:00 PM,28.853,,,
8948,06/24/24 05:10:00 PM,28.853,,,
8949,06/24/24 05:20:00 PM,28.853,,,
8950,06/24/24 05:30:00 PM,28.853,,,
8951,06/24/24 05:40:00 PM,28.953,,,
8952,06/24/24 05:50:00 PM,28.953,,,
8953,06/24/24 06:00:00 PM,28.853,,,
8954,06/24/24 06:10:00 PM,28.953,,,
8955,06/24/24 06:20:00 PM,29.053,,,
8956,06/24/24 06:30:00 PM,28.953,,,
8957,06/24/24 06:40:00 PM,29.053,,,
8958,06/24/24 06:50:00 PM,29.053,,,
8959,06/24/24 07:00:00 PM,28.953,,,
8960,06/24/24 07:10:00 PM,28.953,,,
8961,06/24/24 07:20:00 PM,28.853,,,
8962,06/24/24 07:30:00 PM,28.853,,,
8963,06/24/24 07:40:00 PM,28.853,,,
8964,06/24/24 07:50:00 PM,28.853,,,
8965,06/24/24 08:00:00 PM,28.853,,,
8966,06/24/24 08:10:00 PM,28.853,,,
8967,06/24/24 08:20:00 PM,28.853,,,
8968,06/24/24 08:30:00 PM,28.754,,,
8969,06/24/24 08:40:00 PM,28.754,,,
8970,06/24/24 08:50:00 PM,28.754,,,
8971,06/24/24 09:00:00 PM,28.655,,,
8972,06/24/24 09:10:00 PM,28.655,,,
8973,06/24/24 09:20:00 PM,28.655,,,
8974,06/24/24 09:30:00 PM,28.655,,,
8975,06/24/24 09:40:00 PM,28.655,,,
8976,06/24/24 09:50:00 PM,28.555,,,
8977,06/24/24 10:00:00 PM,28.555,,,
8978,06/24/24 10:10:00 PM,28.555,,,
8979,06/24/24 10:20:00 PM,28.555,,,
8980,06/24/24 10:30:00 PM,28.456,,,
8981,06/24/24 10:40:00 PM,28.456,,,
8982,06/24/24 10:50:00 PM,28.456,,,
8983,06/24/24 11:00:00 PM,28.456,,,
8984,06/24/24 11:10:00 PM,28.456,,,
8985,06/24/24 11:20:00 PM,28.456,,,
8986,06/24/24 11:30:00 PM,28.456,,,
8987,06/24/24 11:40:00 PM,28.357,,,
8988,06/24/24 11:50:00 PM,28.357,,,
8989,06/25/24 12:00:00 AM,28.357,,,
8990,06/25/24 12:10:00 AM,28.258,,,
8991,06/25/24 12:20:00 AM,28.060,,,
8992,06/25/24 12:30:00 AM,28.060,,,
8993,06/25/24 12:40:00 AM,27.961,,,
8994,06/25/24 12:50:00 AM,27.961,,,
8995,06/25/24 01:00:00 AM,27.862,,,
8996,06/25/24 01:10:00 AM,27.862,,,
8997,06/25/24 01:20:00 AM,27.862,,,
8998,06/25/24 01:30:00 AM,27.862,,,
8999,06/25/24 01:40:00 AM,27.862,,,
9000,06/25/24 01:50:00 AM,27.764,,,
9001,06/25/24 02:00:00 AM,27.764,,,
9002,06/25/24 02:10:00 AM,27.665,,,
9003,06/25/24 02:20:00 AM,27.567,,,
9004,06/25/24 02:30:00 AM,27.468,,,
9005,06/25/24 02:40:00 AM,27.468,,,
9006,06/25/24 02:50:00 AM,27.370,,,
9007,06/25/24 03:00:00 AM,27.272,,,
9008,06/25/24 03:10:00 AM,27.272,,,
9009,06/25/24 03:20:00 AM,27.272,,,
9010,06/25/24 03:30:00 AM,27.272,,,
9011,06/25/24 03:40:00 AM,27.272,,,
9012,06/25/24 03:50:00 AM,27.272,,,
9013,06/25/24 04:00:00 AM,27.173,,,
9014,06/25/24 04:10:00 AM,27.272,,,
9015,06/25/24 04:20:00 AM,27.173,,,
9016,06/25/24 04:30:00 AM,27.173,,,
9017,06/25/24 04:40:00 AM,27.173,,,
9018,06/25/24 04:50:00 AM,27.173,,,
9019,06/25/24 05:00:00 AM,27.173,,,
9020,06/25/24 05:10:00 AM,27.272,,,
9021,06/25/24 05:20:00 AM,27.173,,,
9022,06/25/24 05:30:00 AM,27.173,,,
9023,06/25/24 05:40:00 AM,27.173,,,
9024,06/25/24 05:50:00 AM,27.173,,,
9025,06/25/24 06:00:00 AM,27.173,,,
9026,06/25/24 06:10:00 AM,27.173,,,
9027,06/25/24 06:20:00 AM,27.075,,,
9028,06/25/24 06:30:00 AM,26.977,,,
9029,06/25/24 06:40:00 AM,26.977,,,
9030,06/25/24 06:50:00 AM,26.879,,,
9031,06/25/24 07:00:00 AM,26.879,,,
9032,06/25/24 07:10:00 AM,26.781,,,
9033,06/25/24 07:20:00 AM,26.683,,,
9034,06/25/24 07:30:00 AM,26.683,,,
9035,06/25/24 07:40:00 AM,26.781,,,
9036,06/25/24 07:50:00 AM,26.781,,,
9037,06/25/24 08:00:00 AM,26.781,,,
9038,06/25/24 08:10:00 AM,26.879,,,
9039,06/25/24 08:20:00 AM,26.879,,,
9040,06/25/24 08:30:00 AM,26.977,,,
9041,06/25/24 08:40:00 AM,26.977,,,
9042,06/25/24 08:50:00 AM,26.879,,,
9043,06/25/24 09:00:00 AM,26.879,,,
9044,06/25/24 09:10:00 AM,27.075,,,
9045,06/25/24 09:20:00 AM,27.173,,,
9046,06/25/24 09:30:00 AM,27.075,,,
9047,06/25/24 09:40:00 AM,27.075,,,
9048,06/25/24 09:50:00 AM,27.173,,,
9049,06/25/24 10:00:00 AM,27.173,,,
9050,06/25/24 10:10:00 AM,27.370,,,
9051,06/25/24 10:20:00 AM,27.468,,,
9052,06/25/24 10:30:00 AM,27.567,,,
9053,06/25/24 10:40:00 AM,27.665,,,
9054,06/25/24 10:50:00 AM,27.862,,,
9055,06/25/24 11:00:00 AM,27.961,,,
9056,06/25/24 11:10:00 AM,28.060,,,
9057,06/25/24 11:20:00 AM,28.159,,,
9058,06/25/24 11:30:00 AM,28.258,,,
9059,06/25/24 11:40:00 AM,28.258,,,
9060,06/25/24 11:50:00 AM,28.357,,,
9061,06/25/24 12:00:00 PM,28.357,,,
9062,06/25/24 12:10:00 PM,28.456,,,
9063,06/25/24 12:20:00 PM,28.555,,,
9064,06/25/24 12:30:00 PM,28.655,,,
9065,06/25/24 12:40:00 PM,28.655,,,
9066,06/25/24 12:50:00 PM,28.754,,,
9067,06/25/24 01:00:00 PM,28.754,,,
9068,06/25/24 01:10:00 PM,28.357,,,
9069,06/25/24 01:20:00 PM,28.357,,,
9070,06/25/24 01:30:00 PM,28.456,,,
9071,06/25/24 01:40:00 PM,28.555,,,
9072,06/25/24 01:50:00 PM,28.456,,,
9073,06/25/24 02:00:00 PM,28.456,,,
9074,06/25/24 02:10:00 PM,28.655,,,
9075,06/25/24 02:20:00 PM,28.456,,,
9076,06/25/24 02:30:00 PM,28.555,,,
9077,06/25/24 02:40:00 PM,28.456,,,
9078,06/25/24 02:50:00 PM,28.555,,,
9079,06/25/24 03:00:00 PM,28.655,,,
9080,06/25/24 03:10:00 PM,28.655,,,
9081,06/25/24 03:20:00 PM,28.655,,,
9082,06/25/24 03:30:00 PM,28.655,,,
9083,06/25/24 03:40:00 PM,28.655,,,
9084,06/25/24 03:50:00 PM,28.655,,,
9085,06/25/24 04:00:00 PM,28.655,,,
9086,06/25/24 04:10:00 PM,28.555,,,
9087,06/25/24 04:20:00 PM,28.555,,,
9088,06/25/24 04:30:00 PM,28.555,,,
9089,06/25/24 04:40:00 PM,28.555,,,
9090,06/25/24 04:50:00 PM,28.555,,,
9091,06/25/24 05:00:00 PM,28.555,,,
9092,06/25/24 05:10:00 PM,28.555,,,
9093,06/25/24 05:20:00 PM,28.555,,,
9094,06/25/24 05:30:00 PM,28.555,,,
9095,06/25/24 05:40:00 PM,28.456,,,
9096,06/25/24 05:50:00 PM,28.456,,,
9097,06/25/24 06:00:00 PM,28.456,,,
9098,06/25/24 06:10:00 PM,28.456,,,
9099,06/25/24 06:20:00 PM,28.456,,,
9100,06/25/24 06:30:00 PM,28.456,,,
9101,06/25/24 06:40:00 PM,28.456,,,
9102,06/25/24 06:50:00 PM,28.456,,,
9103,06/25/24 07:00:00 PM,28.357,,,
9104,06/25/24 07:10:00 PM,28.357,,,
9105,06/25/24 07:20:00 PM,28.357,,,
9106,06/25/24 07:30:00 PM,28.357,,,
9107,06/25/24 07:40:00 PM,28.357,,,
9108,06/25/24 07:50:00 PM,28.357,,,
9109,06/25/24 08:00:00 PM,28.258,,,
9110,06/25/24 08:10:00 PM,28.258,,,
9111,06/25/24 08:20:00 PM,28.258,,,
9112,06/25/24 08:30:00 PM,28.258,,,
9113,06/25/24 08:40:00 PM,28.258,,,
9114,06/25/24 08:50:00 PM,28.258,,,
9115,06/25/24 09:00:00 PM,28.258,,,
9116,06/25/24 09:10:00 PM,28.258,,,
9117,06/25/24 09:20:00 PM,28.258,,,
9118,06/25/24 09:30:00 PM,28.258,,,
9119,06/25/24 09:40:00 PM,28.258,,,
9120,06/25/24 09:50:00 PM,28.159,,,
9121,06/25/24 10:00:00 PM,28.258,,,
9122,06/25/24 10:10:00 PM,28.159,,,
9123,06/25/24 10:20:00 PM,28.159,,,
9124,06/25/24 10:30:00 PM,28.159,,,
9125,06/25/24 10:40:00 PM,28.159,,,
9126,06/25/24 10:50:00 PM,28.159,,,
9127,06/25/24 11:00:00 PM,28.060,,,
9128,06/25/24 11:10:00 PM,28.060,,,
9129,06/25/24 11:20:00 PM,28.060,,,
9130,06/25/24 11:30:00 PM,28.060,,,
9131,06/25/24 11:40:00 PM,28.060,,,
9132,06/25/24 11:50:00 PM,28.060,,,
9133,06/26/24 12:00:00 AM,28.060,,,
9134,06/26/24 12:10:00 AM,27.961,,,
9135,06/26/24 12:20:00 AM,27.961,,,
9136,06/26/24 12:30:00 AM,27.862,,,
9137,06/26/24 12:40:00 AM,27.764,,,
9138,06/26/24 12:50:00 AM,27.665,,,
9139,06/26/24 01:00:00 AM,27.665,,,
9140,06/26/24 01:10:00 AM,27.567,,,
9141,06/26/24 01:20:00 AM,27.567,,,
9142,06/26/24 01:30:00 AM,27.468,,,
9143,06/26/24 01:40:00 AM,27.567,,,
9144,06/26/24 01:50:00 AM,27.567,,,
9145,06/26/24 02:00:00 AM,27.468,,,
9146,06/26/24 02:10:00 AM,27.468,,,
9147,06/26/24 02:20:00 AM,27.468,,,
9148,06/26/24 02:30:00 AM,27.468,,,
9149,06/26/24 02:40:00 AM,27.272,,,
9150,06/26/24 02:50:00 AM,27.173,,,
9151,06/26/24 03:00:00 AM,27.173,,,
9152,06/26/24 03:10:00 AM,27.173,,,
9153,06/26/24 03:20:00 AM,27.075,,,
9154,06/26/24 03:30:00 AM,27.075,,,
9155,06/26/24 03:40:00 AM,27.075,,,
9156,06/26/24 03:50:00 AM,27.173,,,
9157,06/26/24 04:00:00 AM,27.075,,,
9158,06/26/24 04:10:00 AM,27.075,,,
9159,06/26/24 04:20:00 AM,27.075,,,
9160,06/26/24 04:30:00 AM,27.075,,,
9161,06/26/24 04:40:00 AM,26.879,,,
9162,06/26/24 04:50:00 AM,27.075,,,
9163,06/26/24 05:00:00 AM,26.977,,,
9164,06/26/24 05:10:00 AM,26.879,,,
9165,06/26/24 05:20:00 AM,26.977,,,
9166,06/26/24 05:30:00 AM,26.977,,,
9167,06/26/24 05:40:00 AM,26.683,,,
9168,06/26/24 05:50:00 AM,26.879,,,
9169,06/26/24 06:00:00 AM,26.683,,,
9170,06/26/24 06:10:00 AM,26.781,,,
9171,06/26/24 06:20:00 AM,26.683,,,
9172,06/26/24 06:30:00 AM,26.488,,,
9173,06/26/24 06:40:00 AM,26.488,,,
9174,06/26/24 06:50:00 AM,26.488,,,
9175,06/26/24 07:00:00 AM,26.488,,,
9176,06/26/24 07:10:00 AM,26.390,,,
9177,06/26/24 07:20:00 AM,26.488,,,
9178,06/26/24 07:30:00 AM,26.390,,,
9179,06/26/24 07:40:00 AM,26.488,,,
9180,06/26/24 07:50:00 AM,26.488,,,
9181,06/26/24 08:00:00 AM,26.683,,,
9182,06/26/24 08:10:00 AM,26.683,,,
9183,06/26/24 08:20:00 AM,26.488,,,
9184,06/26/24 08:30:00 AM,26.781,,,
9185,06/26/24 08:40:00 AM,26.585,,,
9186,06/26/24 08:50:00 AM,26.683,,,
9187,06/26/24 09:00:00 AM,26.683,,,
9188,06/26/24 09:10:00 AM,26.781,,,
9189,06/26/24 09:20:00 AM,26.977,,,
9190,06/26/24 09:30:00 AM,26.488,,,
9191,06/26/24 09:40:00 AM,26.585,,,
9192,06/26/24 09:50:00 AM,26.781,,,
9193,06/26/24 10:00:00 AM,26.977,,,
9194,06/26/24 10:10:00 AM,26.879,,,
9195,06/26/24 10:20:00 AM,27.075,,,
9196,06/26/24 10:30:00 AM,27.468,,,
9197,06/26/24 10:40:00 AM,27.665,,,
9198,06/26/24 10:50:00 AM,27.862,,,
9199,06/26/24 11:00:00 AM,27.862,,,
9200,06/26/24 11:10:00 AM,27.862,,,
9201,06/26/24 11:20:00 AM,27.961,,,
9202,06/26/24 11:30:00 AM,28.060,,,
9203,06/26/24 11:40:00 AM,28.060,,,
9204,06/26/24 11:50:00 AM,28.258,,,
9205,06/26/24 12:00:00 PM,28.258,,,
9206,06/26/24 12:10:00 PM,28.258,,,
9207,06/26/24 12:20:00 PM,28.357,,,
9208,06/26/24 12:30:00 PM,28.357,,,
9209,06/26/24 12:40:00 PM,28.357,,,
9210,06/26/24 12:50:00 PM,28.655,,,
9211,06/26/24 01:00:00 PM,28.555,,,
9212,06/26/24 01:10:00 PM,28.953,,,
9213,06/26/24 01:20:00 PM,28.853,,,
9214,06/26/24 01:30:00 PM,28.853,,,
9215,06/26/24 01:40:00 PM,28.853,,,
9216,06/26/24 01:50:00 PM,29.053,,,
9217,06/26/24 02:00:00 PM,28.953,,,
9218,06/26/24 02:10:00 PM,29.152,,,
9219,06/26/24 02:20:00 PM,29.252,,,
9220,06/26/24 02:30:00 PM,29.252,,,
9221,06/26/24 02:40:00 PM,29.152,,,
9222,06/26/24 02:50:00 PM,29.252,,,
9223,06/26/24 03:00:00 PM,29.252,,,
9224,06/26/24 03:10:00 PM,29.252,,,
9225,06/26/24 03:20:00 PM,29.552,,,
9226,06/26/24 03:30:00 PM,29.652,,,
9227,06/26/24 03:40:00 PM,29.552,,,
9228,06/26/24 03:50:00 PM,29.452,,,
9229,06/26/24 04:00:00 PM,29.552,,,
9230,06/26/24 04:10:00 PM,29.452,,,
9231,06/26/24 04:20:00 PM,29.652,,,
9232,06/26/24 04:30:00 PM,29.652,,,
9233,06/26/24 04:40:00 PM,29.452,,,
9234,06/26/24 04:50:00 PM,29.352,,,
9235,06/26/24 05:00:00 PM,29.252,,,
9236,06/26/24 05:10:00 PM,29.252,,,
9237,06/26/24 05:20:00 PM,29.252,,,
9238,06/26/24 05:30:00 PM,29.252,,,
9239,06/26/24 05:40:00 PM,29.252,,,
9240,06/26/24 05:50:00 PM,29.452,,,
9241,06/26/24 06:00:00 PM,29.452,,,
9242,06/26/24 06:10:00 PM,29.352,,,
9243,06/26/24 06:20:00 PM,29.352,,,
9244,06/26/24 06:30:00 PM,29.252,,,
9245,06/26/24 06:40:00 PM,29.252,,,
9246,06/26/24 06:50:00 PM,29.152,,,
9247,06/26/24 07:00:00 PM,29.152,,,
9248,06/26/24 07:10:00 PM,29.053,,,
9249,06/26/24 07:20:00 PM,29.053,,,
9250,06/26/24 07:30:00 PM,29.053,,,
9251,06/26/24 07:40:00 PM,29.053,,,
9252,06/26/24 07:50:00 PM,29.053,,,
9253,06/26/24 08:00:00 PM,29.053,,,
9254,06/26/24 08:10:00 PM,29.053,,,
9255,06/26/24 08:20:00 PM,29.053,,,
9256,06/26/24 08:30:00 PM,28.953,,,
9257,06/26/24 08:40:00 PM,28.853,,,
9258,06/26/24 08:50:00 PM,28.754,,,
9259,06/26/24 09:00:00 PM,28.655,,,
9260,06/26/24 09:10:00 PM,28.655,,,
9261,06/26/24 09:20:00 PM,28.456,,,
9262,06/26/24 09:30:00 PM,28.456,,,
9263,06/26/24 09:40:00 PM,28.655,,,
9264,06/26/24 09:50:00 PM,28.853,,,
9265,06/26/24 10:00:00 PM,28.853,,,
9266,06/26/24 10:10:00 PM,28.853,,,
9267,06/26/24 10:20:00 PM,28.853,,,
9268,06/26/24 10:30:00 PM,28.853,,,
9269,06/26/24 10:40:00 PM,28.853,,,
9270,06/26/24 10:50:00 PM,28.754,,,
9271,06/26/24 11:00:00 PM,28.754,,,
9272,06/26/24 11:10:00 PM,28.754,,,
9273,06/26/24 11:20:00 PM,28.655,,,
9274,06/26/24 11:30:00 PM,28.655,,,
9275,06/26/24 11:40:00 PM,28.655,,,
9276,06/26/24 11:50:00 PM,28.555,,,
9277,06/27/24 12:00:00 AM,28.456,,,
9278,06/27/24 12:10:00 AM,28.555,,,
9279,06/27/24 12:20:00 AM,28.456,,,
9280,06/27/24 12:30:00 AM,28.456,,,
9281,06/27/24 12:40:00 AM,28.357,,,
9282,06/27/24 12:50:00 AM,28.258,,,
9283,06/27/24 01:00:00 AM,28.258,,,
9284,06/27/24 01:10:00 AM,28.159,,,
9285,06/27/24 01:20:00 AM,28.258,,,
9286,06/27/24 01:30:00 AM,28.258,,,
9287,06/27/24 01:40:00 AM,28.060,,,
9288,06/27/24 01:50:00 AM,28.258,,,
9289,06/27/24 02:00:00 AM,27.961,,,
9290,06/27/24 02:10:00 AM,27.764,,,
9291,06/27/24 02:20:00 AM,27.862,,,
9292,06/27/24 02:30:00 AM,27.764,,,
9293,06/27/24 02:40:00 AM,27.764,,,
9294,06/27/24 02:50:00 AM,27.862,,,
9295,06/27/24 03:00:00 AM,27.665,,,
9296,06/27/24 03:10:00 AM,27.665,,,
9297,06/27/24 03:20:00 AM,27.665,,,
9298,06/27/24 03:30:00 AM,27.665,,,
9299,06/27/24 03:40:00 AM,27.764,,,
9300,06/27/24 03:50:00 AM,27.764,,,
9301,06/27/24 04:00:00 AM,27.665,,,
9302,06/27/24 04:10:00 AM,27.567,,,
9303,06/27/24 04:20:00 AM,27.764,,,
9304,06/27/24 04:30:00 AM,27.764,,,
9305,06/27/24 04:40:00 AM,27.764,,,
9306,06/27/24 04:50:00 AM,27.665,,,
9307,06/27/24 05:00:00 AM,27.567,,,
9308,06/27/24 05:10:00 AM,27.567,,,
9309,06/27/24 05:20:00 AM,27.665,,,
9310,06/27/24 05:30:00 AM,27.665,,,
9311,06/27/24 05:40:00 AM,27.468,,,
9312,06/27/24 05:50:00 AM,27.665,,,
9313,06/27/24 06:00:00 AM,27.468,,,
9314,06/27/24 06:10:00 AM,27.567,,,
9315,06/27/24 06:20:00 AM,27.665,,,
9316,06/27/24 06:30:00 AM,27.370,,,
9317,06/27/24 06:40:00 AM,27.468,,,
9318,06/27/24 06:50:00 AM,27.567,,,
9319,06/27/24 07:00:00 AM,27.468,,,
9320,06/27/24 07:10:00 AM,27.567,,,
9321,06/27/24 07:20:00 AM,27.468,,,
9322,06/27/24 07:30:00 AM,27.567,,,
9323,06/27/24 07:40:00 AM,27.468,,,
9324,06/27/24 07:50:00 AM,27.468,,,
9325,06/27/24 08:00:00 AM,27.468,,,
9326,06/27/24 08:10:00 AM,27.468,,,
9327,06/27/24 08:20:00 AM,27.468,,,
9328,06/27/24 08:30:00 AM,27.468,,,
9329,06/27/24 08:40:00 AM,27.567,,,
9330,06/27/24 08:50:00 AM,27.665,,,
9331,06/27/24 09:00:00 AM,27.468,,,
9332,06/27/24 09:10:00 AM,27.567,,,
9333,06/27/24 09:20:00 AM,27.665,,,
9334,06/27/24 09:30:00 AM,27.665,,,
9335,06/27/24 09:40:00 AM,27.665,,,
9336,06/27/24 09:50:00 AM,27.862,,,
9337,06/27/24 10:00:00 AM,27.764,,,
9338,06/27/24 10:10:00 AM,27.862,,,
9339,06/27/24 10:20:00 AM,27.862,,,
9340,06/27/24 10:30:00 AM,27.665,,,
9341,06/27/24 10:40:00 AM,27.665,,,
9342,06/27/24 10:50:00 AM,27.764,,,
9343,06/27/24 11:00:00 AM,27.862,,,
9344,06/27/24 11:10:00 AM,27.862,,,
9345,06/27/24 11:20:00 AM,27.862,,,
9346,06/27/24 11:30:00 AM,27.961,,,
9347,06/27/24 11:40:00 AM,28.060,,,
9348,06/27/24 11:50:00 AM,28.060,,,
9349,06/27/24 12:00:00 PM,28.159,,,
9350,06/27/24 12:10:00 PM,28.159,,,
9351,06/27/24 12:20:00 PM,28.060,,,
9352,06/27/24 12:30:00 PM,28.258,,,
9353,06/27/24 12:40:00 PM,28.159,,,
9354,06/27/24 12:50:00 PM,28.357,,,
9355,06/27/24 01:00:00 PM,28.456,,,
9356,06/27/24 01:10:00 PM,28.555,,,
9357,06/27/24 01:20:00 PM,28.555,,,
9358,06/27/24 01:30:00 PM,28.655,,,
9359,06/27/24 01:40:00 PM,28.953,,,
9360,06/27/24 01:50:00 PM,29.053,,,
9361,06/27/24 02:00:00 PM,28.953,,,
9362,06/27/24 02:10:00 PM,29.252,,,
9363,06/27/24 02:20:00 PM,29.452,,,
9364,06/27/24 02:30:00 PM,29.352,,,
9365,06/27/24 02:40:00 PM,29.252,,,
9366,06/27/24 02:50:00 PM,29.352,,,
9367,06/27/24 03:00:00 PM,29.452,,,
9368,06/27/24 03:10:00 PM,29.452,,,
9369,06/27/24 03:20:00 PM,29.552,,,
9370,06/27/24 03:30:00 PM,29.552,,,
9371,06/27/24 03:40:00 PM,29.652,,,
9372,06/27/24 03:50:00 PM,29.552,,,
9373,06/27/24 04:00:00 PM,29.652,,,
9374,06/27/24 04:10:00 PM,29.652,,,
9375,06/27/24 04:20:00 PM,29.652,,,
9376,06/27/24 04:30:00 PM,29.652,,,
9377,06/27/24 04:40:00 PM,29.652,,,
9378,06/27/24 04:50:00 PM,29.652,,,
9379,06/27/24 05:00:00 PM,29.652,,,
9380,06/27/24 05:10:00 PM,29.652,,,
9381,06/27/24 05:20:00 PM,29.652,,,
9382,06/27/24 05:30:00 PM,29.652,,,
9383,06/27/24 05:40:00 PM,29.752,,,
9384,06/27/24 05:50:00 PM,29.552,,,
9385,06/27/24 06:00:00 PM,29.652,,,
9386,06/27/24 06:10:00 PM,29.652,,,
9387,06/27/24 06:20:00 PM,29.652,,,
9388,06/27/24 06:30:00 PM,29.652,,,
9389,06/27/24 06:40:00 PM,29.652,,,
9390,06/27/24 06:50:00 PM,29.652,,,
9391,06/27/24 07:00:00 PM,29.652,,,
9392,06/27/24 07:10:00 PM,29.552,,,
9393,06/27/24 07:20:00 PM,29.552,,,
9394,06/27/24 07:30:00 PM,29.552,,,
9395,06/27/24 07:40:00 PM,29.452,,,
9396,06/27/24 07:50:00 PM,29.452,,,
9397,06/27/24 08:00:00 PM,29.452,,,
9398,06/27/24 08:10:00 PM,29.452,,,
9399,06/27/24 08:20:00 PM,29.452,,,
9400,06/27/24 08:30:00 PM,29.352,,,
9401,06/27/24 08:40:00 PM,29.352,,,
9402,06/27/24 08:50:00 PM,29.352,,,
9403,06/27/24 09:00:00 PM,29.252,,,
9404,06/27/24 09:10:00 PM,29.352,,,
9405,06/27/24 09:20:00 PM,29.352,,,
9406,06/27/24 09:30:00 PM,29.352,,,
9407,06/27/24 09:40:00 PM,29.252,,,
9408,06/27/24 09:50:00 PM,29.252,,,
9409,06/27/24 10:00:00 PM,29.352,,,
9410,06/27/24 10:10:00 PM,29.252,,,
9411,06/27/24 10:20:00 PM,29.352,,,
9412,06/27/24 10:30:00 PM,29.452,,,
9413,06/27/24 10:40:00 PM,29.352,,,
9414,06/27/24 10:50:00 PM,29.252,,,
9415,06/27/24 11:00:00 PM,29.252,,,
9416,06/27/24 11:10:00 PM,29.152,,,
9417,06/27/24 11:20:00 PM,29.152,,,
9418,06/27/24 11:30:00 PM,29.152,,,
9419,06/27/24 11:40:00 PM,29.252,,,
9420,06/27/24 11:50:00 PM,29.152,,,
9421,06/28/24 12:00:00 AM,29.053,,,
9422,06/28/24 12:10:00 AM,29.053,,,
9423,06/28/24 12:20:00 AM,29.053,,,
9424,06/28/24 12:30:00 AM,28.853,,,
9425,06/28/24 12:40:00 AM,28.953,,,
9426,06/28/24 12:50:00 AM,28.853,,,
9427,06/28/24 01:00:00 AM,28.655,,,
9428,06/28/24 01:10:00 AM,28.655,,,
9429,06/28/24 01:20:00 AM,28.555,,,
9430,06/28/24 01:30:00 AM,28.456,,,
9431,06/28/24 01:40:00 AM,28.456,,,
9432,06/28/24 01:50:00 AM,28.456,,,
9433,06/28/24 02:00:00 AM,28.357,,,
9434,06/28/24 02:10:00 AM,28.357,,,
9435,06/28/24 02:20:00 AM,28.357,,,
9436,06/28/24 02:30:00 AM,28.258,,,
9437,06/28/24 02:40:00 AM,28.258,,,
9438,06/28/24 02:50:00 AM,28.258,,,
9439,06/28/24 03:00:00 AM,28.258,,,
9440,06/28/24 03:10:00 AM,28.159,,,
9441,06/28/24 03:20:00 AM,28.060,,,
9442,06/28/24 03:30:00 AM,27.961,,,
9443,06/28/24 03:40:00 AM,28.060,,,
9444,06/28/24 03:50:00 AM,27.961,,,
9445,06/28/24 04:00:00 AM,27.961,,,
9446,06/28/24 04:10:00 AM,27.961,,,
9447,06/28/24 04:20:00 AM,27.961,,,
9448,06/28/24 04:30:00 AM,27.862,,,
9449,06/28/24 04:40:00 AM,27.665,,,
9450,06/28/24 04:50:00 AM,27.665,,,
9451,06/28/24 05:00:00 AM,27.665,,,
9452,06/28/24 05:10:00 AM,27.764,,,
9453,06/28/24 05:20:00 AM,27.862,,,
9454,06/28/24 05:30:00 AM,27.862,,,
9455,06/28/24 05:40:00 AM,27.862,,,
9456,06/28/24 05:50:00 AM,27.862,,,
9457,06/28/24 06:00:00 AM,27.764,,,
9458,06/28/24 06:10:00 AM,27.764,,,
9459,06/28/24 06:20:00 AM,27.665,,,
9460,06/28/24 06:30:00 AM,27.665,,,
9461,06/28/24 06:40:00 AM,27.468,,,
9462,06/28/24 06:50:00 AM,27.468,,,
9463,06/28/24 07:00:00 AM,27.567,,,
9464,06/28/24 07:10:00 AM,27.468,,,
9465,06/28/24 07:20:00 AM,27.075,,,
9466,06/28/24 07:30:00 AM,26.977,,,
9467,06/28/24 07:40:00 AM,27.075,,,
9468,06/28/24 07:50:00 AM,27.173,,,
9469,06/28/24 08:00:00 AM,27.272,,,
9470,06/28/24 08:10:00 AM,27.370,,,
9471,06/28/24 08:20:00 AM,27.272,,,
9472,06/28/24 08:30:00 AM,27.272,,,
9473,06/28/24 08:40:00 AM,27.173,,,
9474,06/28/24 08:50:00 AM,27.272,,,
9475,06/28/24 09:00:00 AM,27.272,,,
9476,06/28/24 09:10:00 AM,27.370,,,
9477,06/28/24 09:20:00 AM,27.370,,,
9478,06/28/24 09:30:00 AM,27.567,,,
9479,06/28/24 09:40:00 AM,27.272,,,
9480,06/28/24 09:50:00 AM,27.468,,,
9481,06/28/24 10:00:00 AM,27.567,,,
9482,06/28/24 10:10:00 AM,27.665,,,
9483,06/28/24 10:20:00 AM,27.862,,,
9484,06/28/24 10:30:00 AM,27.665,,,
9485,06/28/24 10:40:00 AM,27.961,,,
9486,06/28/24 10:50:00 AM,27.665,,,
9487,06/28/24 11:00:00 AM,27.764,,,
9488,06/28/24 11:10:00 AM,27.862,,,
9489,06/28/24 11:20:00 AM,27.862,,,
9490,06/28/24 11:30:00 AM,28.060,,,
9491,06/28/24 11:40:00 AM,28.159,,,
9492,06/28/24 11:50:00 AM,27.961,,,
9493,06/28/24 12:00:00 PM,28.060,,,
9494,06/28/24 12:10:00 PM,28.258,,,
9495,06/28/24 12:20:00 PM,28.258,,,
9496,06/28/24 12:30:00 PM,28.357,,,
9497,06/28/24 12:40:00 PM,28.357,,,
9498,06/28/24 12:50:00 PM,28.655,,,
9499,06/28/24 01:00:00 PM,28.555,,,
9500,06/28/24 01:10:00 PM,28.555,,,
9501,06/28/24 01:20:00 PM,28.655,,,
9502,06/28/24 01:30:00 PM,28.853,,,
9503,06/28/24 01:40:00 PM,28.853,,,
9504,06/28/24 01:50:00 PM,28.754,,,
9505,06/28/24 02:00:00 PM,28.853,,,
9506,06/28/24 02:10:00 PM,29.053,,,
9507,06/28/24 02:20:00 PM,29.053,,,
9508,06/28/24 02:30:00 PM,28.853,,,
9509,06/28/24 02:40:00 PM,28.853,,,
9510,06/28/24 02:50:00 PM,28.853,,,
9511,06/28/24 03:00:00 PM,28.853,,,
9512,06/28/24 03:10:00 PM,29.053,,,
9513,06/28/24 03:20:00 PM,29.152,,,
9514,06/28/24 03:30:00 PM,29.053,,,
9515,06/28/24 03:40:00 PM,29.053,,,
9516,06/28/24 03:50:00 PM,28.953,,,
9517,06/28/24 04:00:00 PM,28.853,,,
9518,06/28/24 04:10:00 PM,28.853,,,
9519,06/28/24 04:20:00 PM,28.853,,,
9520,06/28/24 04:30:00 PM,28.953,,,
9521,06/28/24 04:40:00 PM,29.252,,,
9522,06/28/24 04:50:00 PM,29.352,,,
9523,06/28/24 05:00:00 PM,29.452,,,
9524,06/28/24 05:10:00 PM,29.352,,,
9525,06/28/24 05:20:00 PM,29.452,,,
9526,06/28/24 05:30:00 PM,29.252,,,
9527,06/28/24 05:40:00 PM,29.152,,,
9528,06/28/24 05:50:00 PM,29.252,,,
9529,06/28/24 06:00:00 PM,29.252,,,
9530,06/28/24 06:10:00 PM,29.252,,,
9531,06/28/24 06:20:00 PM,29.152,,,
9532,06/28/24 06:30:00 PM,29.152,,,
9533,06/28/24 06:40:00 PM,29.152,,,
9534,06/28/24 06:50:00 PM,29.252,,,
9535,06/28/24 07:00:00 PM,29.053,,,
9536,06/28/24 07:10:00 PM,29.053,,,
9537,06/28/24 07:20:00 PM,29.053,,,
9538,06/28/24 07:30:00 PM,29.152,,,
9539,06/28/24 07:40:00 PM,29.152,,,
9540,06/28/24 07:50:00 PM,29.152,,,
9541,06/28/24 08:00:00 PM,29.152,,,
9542,06/28/24 08:10:00 PM,28.953,,,
9543,06/28/24 08:20:00 PM,28.953,,,
9544,06/28/24 08:30:00 PM,28.853,,,
9545,06/28/24 08:40:00 PM,28.853,,,
9546,06/28/24 08:50:00 PM,28.853,,,
9547,06/28/24 09:00:00 PM,28.853,,,
9548,06/28/24 09:10:00 PM,28.853,,,
9549,06/28/24 09:20:00 PM,28.853,,,
9550,06/28/24 09:30:00 PM,28.853,,,
9551,06/28/24 09:40:00 PM,28.853,,,
9552,06/28/24 09:50:00 PM,28.853,,,
9553,06/28/24 10:00:00 PM,28.754,,,
9554,06/28/24 10:10:00 PM,28.754,,,
9555,06/28/24 10:20:00 PM,28.754,,,
9556,06/28/24 10:30:00 PM,28.754,,,
9557,06/28/24 10:40:00 PM,28.754,,,
9558,06/28/24 10:50:00 PM,28.754,,,
9559,06/28/24 11:00:00 PM,28.655,,,
9560,06/28/24 11:10:00 PM,28.655,,,
9561,06/28/24 11:20:00 PM,28.655,,,
9562,06/28/24 11:30:00 PM,28.555,,,
9563,06/28/24 11:40:00 PM,28.555,,,
9564,06/28/24 11:50:00 PM,28.456,,,
9565,06/29/24 12:00:00 AM,28.456,,,
9566,06/29/24 12:10:00 AM,28.357,,,
9567,06/29/24 12:20:00 AM,28.357,,,
9568,06/29/24 12:30:00 AM,28.357,,,
9569,06/29/24 12:40:00 AM,28.258,,,
9570,06/29/24 12:50:00 AM,28.258,,,
9571,06/29/24 01:00:00 AM,28.060,,,
9572,06/29/24 01:10:00 AM,28.060,,,
9573,06/29/24 01:20:00 AM,27.961,,,
9574,06/29/24 01:30:00 AM,27.961,,,
9575,06/29/24 01:40:00 AM,27.961,,,
9576,06/29/24 01:50:00 AM,27.961,,,
9577,06/29/24 02:00:00 AM,27.961,,,
9578,06/29/24 02:10:00 AM,27.961,,,
9579,06/29/24 02:20:00 AM,27.862,,,
9580,06/29/24 02:30:00 AM,27.862,,,
9581,06/29/24 02:40:00 AM,27.764,,,
9582,06/29/24 02:50:00 AM,27.862,,,
9583,06/29/24 03:00:00 AM,27.862,,,
9584,06/29/24 03:10:00 AM,27.862,,,
9585,06/29/24 03:20:00 AM,27.862,,,
9586,06/29/24 03:30:00 AM,27.764,,,
9587,06/29/24 03:40:00 AM,27.764,,,
9588,06/29/24 03:50:00 AM,27.862,,,
9589,06/29/24 04:00:00 AM,27.764,,,
9590,06/29/24 04:10:00 AM,27.764,,,
9591,06/29/24 04:20:00 AM,27.764,,,
9592,06/29/24 04:30:00 AM,27.862,,,
9593,06/29/24 04:40:00 AM,27.764,,,
9594,06/29/24 04:50:00 AM,27.764,,,
9595,06/29/24 05:00:00 AM,27.764,,,
9596,06/29/24 05:10:00 AM,27.764,,,
9597,06/29/24 05:20:00 AM,27.764,,,
9598,06/29/24 05:30:00 AM,27.665,,,
9599,06/29/24 05:40:00 AM,27.665,,,
9600,06/29/24 05:50:00 AM,27.665,,,
9601,06/29/24 06:00:00 AM,27.567,,,
9602,06/29/24 06:10:00 AM,27.665,,,
9603,06/29/24 06:20:00 AM,27.665,,,
9604,06/29/24 06:30:00 AM,27.567,,,
9605,06/29/24 06:40:00 AM,27.567,,,
9606,06/29/24 06:50:00 AM,27.468,,,
9607,06/29/24 07:00:00 AM,27.468,,,
9608,06/29/24 07:10:00 AM,27.468,,,
9609,06/29/24 07:20:00 AM,27.370,,,
9610,06/29/24 07:30:00 AM,27.370,,,
9611,06/29/24 07:40:00 AM,27.272,,,
9612,06/29/24 07:50:00 AM,27.370,,,
9613,06/29/24 08:00:00 AM,27.370,,,
9614,06/29/24 08:10:00 AM,27.370,,,
9615,06/29/24 08:20:00 AM,27.468,,,
9616,06/29/24 08:30:00 AM,27.468,,,
9617,06/29/24 08:40:00 AM,27.468,,,
9618,06/29/24 08:50:00 AM,27.567,,,
9619,06/29/24 09:00:00 AM,27.567,,,
9620,06/29/24 09:10:00 AM,27.665,,,
9621,06/29/24 09:20:00 AM,27.567,,,
9622,06/29/24 09:30:00 AM,27.468,,,
9623,06/29/24 09:40:00 AM,27.370,,,
9624,06/29/24 09:50:00 AM,27.370,,,
9625,06/29/24 10:00:00 AM,27.468,,,
9626,06/29/24 10:10:00 AM,27.567,,,
9627,06/29/24 10:20:00 AM,27.468,,,
9628,06/29/24 10:30:00 AM,27.567,,,
9629,06/29/24 10:40:00 AM,27.567,,,
9630,06/29/24 10:50:00 AM,27.567,,,
9631,06/29/24 11:00:00 AM,27.665,,,
9632,06/29/24 11:10:00 AM,27.862,,,
9633,06/29/24 11:20:00 AM,27.862,,,
9634,06/29/24 11:30:00 AM,27.862,,,
9635,06/29/24 11:40:00 AM,27.961,,,
9636,06/29/24 11:50:00 AM,27.961,,,
9637,06/29/24 12:00:00 PM,28.060,,,
9638,06/29/24 12:10:00 PM,28.060,,,
9639,06/29/24 12:20:00 PM,28.060,,,
9640,06/29/24 12:30:00 PM,28.258,,,
9641,06/29/24 12:40:00 PM,28.258,,,
9642,06/29/24 12:50:00 PM,28.258,,,
9643,06/29/24 01:00:00 PM,28.060,,,
9644,06/29/24 01:10:00 PM,28.159,,,
9645,06/29/24 01:20:00 PM,28.159,,,
9646,06/29/24 01:30:00 PM,28.258,,,
9647,06/29/24 01:40:00 PM,28.258,,,
9648,06/29/24 01:50:00 PM,28.258,,,
9649,06/29/24 02:00:00 PM,28.258,,,
9650,06/29/24 02:10:00 PM,28.357,,,
9651,06/29/24 02:20:00 PM,28.357,,,
9652,06/29/24 02:30:00 PM,28.456,,,
9653,06/29/24 02:40:00 PM,28.357,,,
9654,06/29/24 02:50:00 PM,28.456,,,
9655,06/29/24 03:00:00 PM,28.456,,,
9656,06/29/24 03:10:00 PM,28.456,,,
9657,06/29/24 03:20:00 PM,28.456,,,
9658,06/29/24 03:30:00 PM,28.555,,,
9659,06/29/24 03:40:00 PM,28.555,,,
9660,06/29/24 03:50:00 PM,28.555,,,
9661,06/29/24 04:00:00 PM,28.655,,,
9662,06/29/24 04:10:00 PM,28.655,,,
9663,06/29/24 04:20:00 PM,28.754,,,
9664,06/29/24 04:30:00 PM,28.754,,,
9665,06/29/24 04:40:00 PM,28.754,,,
9666,06/29/24 04:50:00 PM,28.754,,,
9667,06/29/24 05:00:00 PM,28.853,,,
9668,06/29/24 05:10:00 PM,28.953,,,
9669,06/29/24 05:20:00 PM,28.853,,,
9670,06/29/24 05:30:00 PM,28.853,,,
9671,06/29/24 05:40:00 PM,28.655,,,
9672,06/29/24 05:50:00 PM,28.555,,,
9673,06/29/24 06:00:00 PM,28.555,,,
9674,06/29/24 06:10:00 PM,28.555,,,
9675,06/29/24 06:20:00 PM,28.555,,,
9676,06/29/24 06:30:00 PM,28.555,,,
9677,06/29/24 06:40:00 PM,28.655,,,
9678,06/29/24 06:50:00 PM,28.655,,,
9679,06/29/24 07:00:00 PM,28.555,,,
9680,06/29/24 07:10:00 PM,28.555,,,
9681,06/29/24 07:20:00 PM,28.456,,,
9682,06/29/24 07:30:00 PM,28.456,,,
9683,06/29/24 07:40:00 PM,28.456,,,
9684,06/29/24 07:50:00 PM,28.456,,,
9685,06/29/24 08:00:00 PM,28.456,,,
9686,06/29/24 08:10:00 PM,28.456,,,
9687,06/29/24 08:20:00 PM,28.456,,,
9688,06/29/24 08:30:00 PM,28.456,,,
9689,06/29/24 08:40:00 PM,28.456,,,
9690,06/29/24 08:50:00 PM,28.456,,,
9691,06/29/24 09:00:00 PM,28.357,,,
9692,06/29/24 09:10:00 PM,28.357,,,
9693,06/29/24 09:20:00 PM,28.258,,,
9694,06/29/24 09:30:00 PM,28.258,,,
9695,06/29/24 09:40:00 PM,28.258,,,
9696,06/29/24 09:50:00 PM,28.159,,,
9697,06/29/24 10:00:00 PM,28.159,,,
9698,06/29/24 10:10:00 PM,28.159,,,
9699,06/29/24 10:20:00 PM,28.060,,,
9700,06/29/24 10:30:00 PM,28.159,,,
9701,06/29/24 10:40:00 PM,28.060,,,
9702,06/29/24 10:50:00 PM,28.060,,,
9703,06/29/24 11:00:00 PM,28.060,,,
9704,06/29/24 11:10:00 PM,28.060,,,
9705,06/29/24 11:20:00 PM,28.060,,,
9706,06/29/24 11:30:00 PM,28.060,,,
9707,06/29/24 11:40:00 PM,28.060,,,
9708,06/29/24 11:50:00 PM,28.060,,,
9709,06/30/24 12:00:00 AM,28.060,,,
9710,06/30/24 12:10:00 AM,27.961,,,
9711,06/30/24 12:20:00 AM,27.961,,,
9712,06/30/24 12:30:00 AM,27.961,,,
9713,06/30/24 12:40:00 AM,27.961,,,
9714,06/30/24 12:50:00 AM,27.961,,,
9715,06/30/24 01:00:00 AM,27.862,,,
9716,06/30/24 01:10:00 AM,27.862,,,
9717,06/30/24 01:20:00 AM,27.862,,,
9718,06/30/24 01:30:00 AM,27.862,,,
9719,06/30/24 01:40:00 AM,27.862,,,
9720,06/30/24 01:50:00 AM,27.862,,,
9721,06/30/24 02:00:00 AM,27.862,,,
9722,06/30/24 02:10:00 AM,27.862,,,
9723,06/30/24 02:20:00 AM,27.862,,,
9724,06/30/24 02:30:00 AM,27.862,,,
9725,06/30/24 02:40:00 AM,27.862,,,
9726,06/30/24 02:50:00 AM,27.862,,,
9727,06/30/24 03:00:00 AM,27.862,,,
9728,06/30/24 03:10:00 AM,27.862,,,
9729,06/30/24 03:20:00 AM,27.862,,,
9730,06/30/24 03:30:00 AM,27.764,,,
9731,06/30/24 03:40:00 AM,27.764,,,
9732,06/30/24 03:50:00 AM,27.764,,,
9733,06/30/24 04:00:00 AM,27.764,,,
9734,06/30/24 04:10:00 AM,27.764,,,
9735,06/30/24 04:20:00 AM,27.764,,,
9736,06/30/24 04:30:00 AM,27.764,,,
9737,06/30/24 04:40:00 AM,27.764,,,
9738,06/30/24 04:50:00 AM,27.764,,,
9739,06/30/24 05:00:00 AM,27.665,,,
9740,06/30/24 05:10:00 AM,27.665,,,
9741,06/30/24 05:20:00 AM,27.665,,,
9742,06/30/24 05:30:00 AM,27.665,,,
9743,06/30/24 05:40:00 AM,27.665,,,
9744,06/30/24 05:50:00 AM,27.665,,,
9745,06/30/24 06:00:00 AM,27.665,,,
9746,06/30/24 06:10:00 AM,27.665,,,
9747,06/30/24 06:20:00 AM,27.665,,,
9748,06/30/24 06:30:00 AM,27.665,,,
9749,06/30/24 06:40:00 AM,27.665,,,
9750,06/30/24 06:50:00 AM,27.567,,,
9751,06/30/24 07:00:00 AM,27.567,,,
9752,06/30/24 07:10:00 AM,27.567,,,
9753,06/30/24 07:20:00 AM,27.665,,,
9754,06/30/24 07:30:00 AM,27.567,,,
9755,06/30/24 07:40:00 AM,27.567,,,
9756,06/30/24 07:50:00 AM,27.665,,,
9757,06/30/24 08:00:00 AM,27.567,,,
9758,06/30/24 08:10:00 AM,27.567,,,
9759,06/30/24 08:20:00 AM,27.567,,,
9760,06/30/24 08:30:00 AM,27.665,,,
9761,06/30/24 08:40:00 AM,27.665,,,
9762,06/30/24 08:50:00 AM,27.567,,,
9763,06/30/24 09:00:00 AM,27.665,,,
9764,06/30/24 09:10:00 AM,27.665,,,
9765,06/30/24 09:20:00 AM,27.665,,,
9766,06/30/24 09:30:00 AM,27.764,,,
9767,06/30/24 09:40:00 AM,27.567,,,
9768,06/30/24 09:50:00 AM,27.665,,,
9769,06/30/24 10:00:00 AM,27.665,,,
9770,06/30/24 10:10:00 AM,27.665,,,
9771,06/30/24 10:20:00 AM,27.764,,,
9772,06/30/24 10:30:00 AM,27.862,,,
9773,06/30/24 10:40:00 AM,27.862,,,
9774,06/30/24 10:50:00 AM,27.862,,,
9775,06/30/24 11:00:00 AM,27.862,,,
9776,06/30/24 11:10:00 AM,27.961,,,
9777,06/30/24 11:20:00 AM,28.060,,,
9778,06/30/24 11:30:00 AM,28.060,,,
9779,06/30/24 11:40:00 AM,28.060,,,
9780,06/30/24 11:50:00 AM,28.159,,,
9781,06/30/24 12:00:00 PM,28.159,,,
9782,06/30/24 12:10:00 PM,28.060,,,
9783,06/30/24 12:20:00 PM,28.159,,,
9784,06/30/24 12:30:00 PM,28.258,,,
9785,06/30/24 12:40:00 PM,28.258,,,
9786,06/30/24 12:50:00 PM,28.258,,,
9787,06/30/24 01:00:00 PM,28.357,,,
9788,06/30/24 01:10:00 PM,28.258,,,
9789,06/30/24 01:20:00 PM,28.258,,,
9790,06/30/24 01:30:00 PM,28.258,,,
9791,06/30/24 01:40:00 PM,28.258,,,
9792,06/30/24 01:50:00 PM,28.357,,,
9793,06/30/24 02:00:00 PM,28.456,,,
9794,06/30/24 02:10:00 PM,28.357,,,
9795,06/30/24 02:20:00 PM,28.357,,,
9796,06/30/24 02:30:00 PM,28.258,,,
9797,06/30/24 02:40:00 PM,28.357,,,
9798,06/30/24 02:50:00 PM,28.456,,,
9799,06/30/24 03:00:00 PM,28.456,,,
9800,06/30/24 03:10:00 PM,28.456,,,
9801,06/30/24 03:20:00 PM,28.456,,,
9802,06/30/24 03:30:00 PM,28.456,,,
9803,06/30/24 03:40:00 PM,28.456,,,
9804,06/30/24 03:50:00 PM,28.456,,,
9805,06/30/24 04:00:00 PM,28.655,,,
9806,06/30/24 04:10:00 PM,28.655,,,
9807,06/30/24 04:20:00 PM,28.853,,,
9808,06/30/24 04:30:00 PM,28.953,,,
9809,06/30/24 04:40:00 PM,29.053,,,
9810,06/30/24 04:50:00 PM,29.053,,,
9811,06/30/24 05:00:00 PM,29.252,,,
9812,06/30/24 05:10:00 PM,29.452,,,
9813,06/30/24 05:20:00 PM,29.352,,,
9814,06/30/24 05:30:00 PM,29.152,,,
9815,06/30/24 05:40:00 PM,29.252,,,
9816,06/30/24 05:50:00 PM,29.252,,,
9817,06/30/24 06:00:00 PM,29.252,,,
9818,06/30/24 06:10:00 PM,29.252,,,
9819,06/30/24 06:20:00 PM,29.053,,,
9820,06/30/24 06:30:00 PM,28.754,,,
9821,06/30/24 06:40:00 PM,28.754,,,
9822,06/30/24 06:50:00 PM,28.655,,,
9823,06/30/24 07:00:00 PM,28.655,,,
9824,06/30/24 07:10:00 PM,28.655,,,
9825,06/30/24 07:20:00 PM,28.555,,,
9826,06/30/24 07:30:00 PM,28.456,,,
9827,06/30/24 07:40:00 PM,28.456,,,
9828,06/30/24 07:50:00 PM,28.456,,,
9829,06/30/24 08:00:00 PM,28.357,,,
9830,06/30/24 08:10:00 PM,28.357,,,
9831,06/30/24 08:20:00 PM,28.357,,,
9832,06/30/24 08:30:00 PM,28.357,,,
9833,06/30/24 08:40:00 PM,28.357,,,
9834,06/30/24 08:50:00 PM,28.456,,,
9835,06/30/24 09:00:00 PM,28.456,,,
9836,06/30/24 09:10:00 PM,28.456,,,
9837,06/30/24 09:20:00 PM,28.555,,,
9838,06/30/24 09:30:00 PM,28.555,,,
9839,06/30/24 09:40:00 PM,28.655,,,
9840,06/30/24 09:50:00 PM,28.655,,,
9841,06/30/24 10:00:00 PM,28.655,,,
9842,06/30/24 10:10:00 PM,28.754,,,
9843,06/30/24 10:20:00 PM,28.853,,,
9844,06/30/24 10:30:00 PM,28.953,,,
9845,06/30/24 10:40:00 PM,28.953,,,
9846,06/30/24 10:50:00 PM,28.853,,,
9847,06/30/24 11:00:00 PM,28.853,,,
9848,06/30/24 11:10:00 PM,28.953,,,
9849,06/30/24 11:20:00 PM,28.953,,,
9850,06/30/24 11:30:00 PM,28.953,,,
9851,06/30/24 11:40:00 PM,28.953,,,
9852,06/30/24 11:50:00 PM,28.853,,,
9853,07/01/24 12:00:00 AM,28.853,,,
9854,07/01/24 12:10:00 AM,28.853,,,
9855,07/01/24 12:20:00 AM,28.853,,,
9856,07/01/24 12:30:00 AM,28.853,,,
9857,07/01/24 12:40:00 AM,28.754,,,
9858,07/01/24 12:50:00 AM,28.754,,,
9859,07/01/24 01:00:00 AM,28.655,,,
9860,07/01/24 01:10:00 AM,28.754,,,
9861,07/01/24 01:20:00 AM,28.754,,,
9862,07/01/24 01:30:00 AM,28.754,,,
9863,07/01/24 01:40:00 AM,28.655,,,
9864,07/01/24 01:50:00 AM,28.655,,,
9865,07/01/24 02:00:00 AM,28.456,,,
9866,07/01/24 02:10:00 AM,28.456,,,
9867,07/01/24 02:20:00 AM,28.357,,,
9868,07/01/24 02:30:00 AM,28.357,,,
9869,07/01/24 02:40:00 AM,28.159,,,
9870,07/01/24 02:50:00 AM,28.060,,,
9871,07/01/24 03:00:00 AM,28.060,,,
9872,07/01/24 03:10:00 AM,28.060,,,
9873,07/01/24 03:20:00 AM,28.060,,,
9874,07/01/24 03:30:00 AM,28.060,,,
9875,07/01/24 03:40:00 AM,27.961,,,
9876,07/01/24 03:50:00 AM,27.961,,,
9877,07/01/24 04:00:00 AM,27.961,,,
9878,07/01/24 04:10:00 AM,27.764,,,
9879,07/01/24 04:20:00 AM,27.862,,,
9880,07/01/24 04:30:00 AM,27.862,,,
9881,07/01/24 04:40:00 AM,27.961,,,
9882,07/01/24 04:50:00 AM,27.764,,,
9883,07/01/24 05:00:00 AM,27.665,,,
9884,07/01/24 05:10:00 AM,27.862,,,
9885,07/01/24 05:20:00 AM,27.665,,,
9886,07/01/24 05:30:00 AM,27.764,,,
9887,07/01/24 05:40:00 AM,27.665,,,
9888,07/01/24 05:50:00 AM,27.567,,,
9889,07/01/24 06:00:00 AM,27.665,,,
9890,07/01/24 06:10:00 AM,27.665,,,
9891,07/01/24 06:20:00 AM,27.567,,,
9892,07/01/24 06:30:00 AM,27.567,,,
9893,07/01/24 06:40:00 AM,27.665,,,
9894,07/01/24 06:50:00 AM,27.567,,,
9895,07/01/24 07:00:00 AM,27.567,,,
9896,07/01/24 07:10:00 AM,27.567,,,
9897,07/01/24 07:20:00 AM,27.567,,,
9898,07/01/24 07:30:00 AM,27.567,,,
9899,07/01/24 07:40:00 AM,27.567,,,
9900,07/01/24 07:50:00 AM,27.567,,,
9901,07/01/24 08:00:00 AM,27.567,,,
9902,07/01/24 08:10:00 AM,27.665,,,
9903,07/01/24 08:20:00 AM,27.665,,,
9904,07/01/24 08:30:00 AM,27.665,,,
9905,07/01/24 08:40:00 AM,27.764,,,
9906,07/01/24 08:50:00 AM,27.764,,,
9907,07/01/24 09:00:00 AM,27.862,,,
9908,07/01/24 09:10:00 AM,27.862,,,
9909,07/01/24 09:20:00 AM,27.862,,,
9910,07/01/24 09:30:00 AM,27.961,,,
9911,07/01/24 09:40:00 AM,27.961,,,
9912,07/01/24 09:50:00 AM,27.862,,,
9913,07/01/24 10:00:00 AM,27.862,,,
9914,07/01/24 10:10:00 AM,28.060,,,
9915,07/01/24 10:20:00 AM,28.258,,,
9916,07/01/24 10:30:00 AM,28.357,,,
9917,07/01/24 10:40:00 AM,28.456,,,
9918,07/01/24 10:50:00 AM,28.456,,,
9919,07/01/24 11:00:00 AM,28.555,,,
9920,07/01/24 11:10:00 AM,28.555,,,
9921,07/01/24 11:20:00 AM,28.655,,,
9922,07/01/24 11:30:00 AM,28.655,,,
9923,07/01/24 11:40:00 AM,28.754,,,
9924,07/01/24 11:50:00 AM,28.953,,,
9925,07/01/24 12:00:00 PM,28.953,,,
9926,07/01/24 12:10:00 PM,29.053,,,
9927,07/01/24 12:20:00 PM,29.053,,,
9928,07/01/24 12:30:00 PM,29.152,,,
9929,07/01/24 12:40:00 PM,29.152,,,
9930,07/01/24 12:50:00 PM,29.152,,,
9931,07/01/24 01:00:00 PM,29.252,,,
9932,07/01/24 01:10:00 PM,29.252,,,
9933,07/01/24 01:20:00 PM,29.252,,,
9934,07/01/24 01:30:00 PM,29.252,,,
9935,07/01/24 01:40:00 PM,29.252,,,
9936,07/01/24 01:50:00 PM,29.352,,,
9937,07/01/24 02:00:00 PM,29.352,,,
9938,07/01/24 02:10:00 PM,29.452,,,
9939,07/01/24 02:20:00 PM,29.452,,,
9940,07/01/24 02:30:00 PM,29.452,,,
9941,07/01/24 02:40:00 PM,29.452,,,
9942,07/01/24 02:50:00 PM,29.552,,,
9943,07/01/24 03:00:00 PM,29.552,,,
9944,07/01/24 03:10:00 PM,29.652,,,
9945,07/01/24 03:20:00 PM,29.652,,,
9946,07/01/24 03:30:00 PM,29.652,,,
9947,07/01/24 03:40:00 PM,29.652,,,
9948,07/01/24 03:50:00 PM,29.652,,,
9949,07/01/24 04:00:00 PM,29.752,,,
9950,07/01/24 04:10:00 PM,29.752,,,
9951,07/01/24 04:20:00 PM,29.652,,,
9952,07/01/24 04:30:00 PM,29.652,,,
9953,07/01/24 04:40:00 PM,29.752,,,
9954,07/01/24 04:50:00 PM,29.752,,,
9955,07/01/24 05:00:00 PM,29.652,,,
9956,07/01/24 05:10:00 PM,29.652,,,
9957,07/01/24 05:20:00 PM,29.652,,,
9958,07/01/24 05:30:00 PM,29.652,,,
9959,07/01/24 05:40:00 PM,29.652,,,
9960,07/01/24 05:50:00 PM,29.652,,,
9961,07/01/24 06:00:00 PM,29.652,,,
9962,07/01/24 06:10:00 PM,29.552,,,
9963,07/01/24 06:20:00 PM,29.552,,,
9964,07/01/24 06:30:00 PM,29.552,,,
9965,07/01/24 06:40:00 PM,29.552,,,
9966,07/01/24 06:50:00 PM,29.552,,,
9967,07/01/24 07:00:00 PM,29.452,,,
9968,07/01/24 07:10:00 PM,29.452,,,
9969,07/01/24 07:20:00 PM,29.452,,,
9970,07/01/24 07:30:00 PM,29.452,,,
9971,07/01/24 07:40:00 PM,29.452,,,
9972,07/01/24 07:50:00 PM,29.452,,,
9973,07/01/24 08:00:00 PM,29.452,,,
9974,07/01/24 08:10:00 PM,29.452,,,
9975,07/01/24 08:20:00 PM,29.452,,,
9976,07/01/24 08:30:00 PM,29.352,,,
9977,07/01/24 08:40:00 PM,29.352,,,
9978,07/01/24 08:50:00 PM,29.352,,,
9979,07/01/24 09:00:00 PM,29.352,,,
9980,07/01/24 09:10:00 PM,29.252,,,
9981,07/01/24 09:20:00 PM,29.252,,,
9982,07/01/24 09:30:00 PM,29.252,,,
9983,07/01/24 09:40:00 PM,29.252,,,
9984,07/01/24 09:50:00 PM,29.152,,,
9985,07/01/24 10:00:00 PM,29.152,,,
9986,07/01/24 10:10:00 PM,29.152,,,
9987,07/01/24 10:20:00 PM,29.053,,,
9988,07/01/24 10:30:00 PM,29.053,,,
9989,07/01/24 10:40:00 PM,29.053,,,
9990,07/01/24 10:50:00 PM,28.953,,,
9991,07/01/24 11:00:00 PM,28.953,,,
9992,07/01/24 11:10:00 PM,28.953,,,
9993,07/01/24 11:20:00 PM,28.853,,,
9994,07/01/24 11:30:00 PM,28.853,,,
9995,07/01/24 11:40:00 PM,28.853,,,
9996,07/01/24 11:50:00 PM,28.754,,,
9997,07/02/24 12:00:00 AM,28.655,,,
9998,07/02/24 12:10:00 AM,28.655,,,
9999,07/02/24 12:20:00 AM,28.555,,,
10000,07/02/24 12:30:00 AM,28.555,,,
10001,07/02/24 12:40:00 AM,28.456,,,
10002,07/02/24 12:50:00 AM,28.456,,,
10003,07/02/24 01:00:00 AM,28.357,,,
10004,07/02/24 01:10:00 AM,28.357,,,
10005,07/02/24 01:20:00 AM,28.357,,,
10006,07/02/24 01:30:00 AM,28.258,,,
10007,07/02/24 01:40:00 AM,28.258,,,
10008,07/02/24 01:50:00 AM,28.159,,,
10009,07/02/24 02:00:00 AM,28.060,,,
10010,07/02/24 02:10:00 AM,27.961,,,
10011,07/02/24 02:20:00 AM,27.862,,,
10012,07/02/24 02:30:00 AM,27.665,,,
10013,07/02/24 02:40:00 AM,27.665,,,
10014,07/02/24 02:50:00 AM,27.567,,,
10015,07/02/24 03:00:00 AM,27.567,,,
10016,07/02/24 03:10:00 AM,27.468,,,
10017,07/02/24 03:20:00 AM,27.370,,,
10018,07/02/24 03:30:00 AM,27.272,,,
10019,07/02/24 03:40:00 AM,27.272,,,
10020,07/02/24 03:50:00 AM,27.075,,,
10021,07/02/24 04:00:00 AM,27.272,,,
10022,07/02/24 04:10:00 AM,27.173,,,
10023,07/02/24 04:20:00 AM,26.977,,,
10024,07/02/24 04:30:00 AM,27.075,,,
10025,07/02/24 04:40:00 AM,26.977,,,
10026,07/02/24 04:50:00 AM,26.683,,,
10027,07/02/24 05:00:00 AM,26.781,,,
10028,07/02/24 05:10:00 AM,26.781,,,
10029,07/02/24 05:20:00 AM,26.683,,,
10030,07/02/24 05:30:00 AM,26.781,,,
10031,07/02/24 05:40:00 AM,26.781,,,
10032,07/02/24 05:50:00 AM,26.781,,,
10033,07/02/24 06:00:00 AM,26.879,,,
10034,07/02/24 06:10:00 AM,26.781,,,
10035,07/02/24 06:20:00 AM,26.781,,,
10036,07/02/24 06:30:00 AM,26.683,,,
10037,07/02/24 06:40:00 AM,26.781,,,
10038,07/02/24 06:50:00 AM,26.683,,,
10039,07/02/24 07:00:00 AM,26.683,,,
10040,07/02/24 07:10:00 AM,26.683,,,
10041,07/02/24 07:20:00 AM,26.585,,,
10042,07/02/24 07:30:00 AM,26.585,,,
10043,07/02/24 07:40:00 AM,26.683,,,
10044,07/02/24 07:50:00 AM,26.585,,,
10045,07/02/24 08:00:00 AM,26.488,,,
10046,07/02/24 08:10:00 AM,26.585,,,
10047,07/02/24 08:20:00 AM,26.585,,,
10048,07/02/24 08:30:00 AM,26.683,,,
10049,07/02/24 08:40:00 AM,26.781,,,
10050,07/02/24 08:50:00 AM,26.879,,,
10051,07/02/24 09:00:00 AM,26.879,,,
10052,07/02/24 09:10:00 AM,26.977,,,
10053,07/02/24 09:20:00 AM,27.075,,,
10054,07/02/24 09:30:00 AM,27.173,,,
10055,07/02/24 09:40:00 AM,27.272,,,
10056,07/02/24 09:50:00 AM,27.272,,,
10057,07/02/24 10:00:00 AM,27.468,,,
10058,07/02/24 10:10:00 AM,27.665,,,
10059,07/02/24 10:20:00 AM,27.468,,,
10060,07/02/24 10:30:00 AM,27.665,,,
10061,07/02/24 10:40:00 AM,27.665,,,
10062,07/02/24 10:50:00 AM,27.862,,,
10063,07/02/24 11:00:00 AM,27.961,,,
10064,07/02/24 11:10:00 AM,28.060,,,
10065,07/02/24 11:20:00 AM,28.258,,,
10066,07/02/24 11:30:00 AM,28.258,,,
10067,07/02/24 11:40:00 AM,28.159,,,
10068,07/02/24 11:50:00 AM,28.357,,,
10069,07/02/24 12:00:00 PM,28.456,,,
10070,07/02/24 12:10:00 PM,28.456,,,
10071,07/02/24 12:20:00 PM,28.555,,,
10072,07/02/24 12:30:00 PM,28.655,,,
10073,07/02/24 12:40:00 PM,28.655,,,
10074,07/02/24 12:50:00 PM,28.655,,,
10075,07/02/24 01:00:00 PM,28.555,,,
10076,07/02/24 01:10:00 PM,28.655,,,
10077,07/02/24 01:20:00 PM,28.754,,,
10078,07/02/24 01:30:00 PM,28.655,,,
10079,07/02/24 01:40:00 PM,28.655,,,
10080,07/02/24 01:50:00 PM,28.754,,,
10081,07/02/24 02:00:00 PM,28.754,,,
10082,07/02/24 02:10:00 PM,28.853,,,
10083,07/02/24 02:20:00 PM,28.853,,,
10084,07/02/24 02:30:00 PM,28.853,,,
10085,07/02/24 02:40:00 PM,28.853,,,
10086,07/02/24 02:50:00 PM,28.953,,,
10087,07/02/24 03:00:00 PM,28.953,,,
10088,07/02/24 03:10:00 PM,28.953,,,
10089,07/02/24 03:20:00 PM,28.953,,,
10090,07/02/24 03:30:00 PM,28.953,,,
10091,07/02/24 03:40:00 PM,28.953,,,
10092,07/02/24 03:50:00 PM,28.953,,,
10093,07/02/24 04:00:00 PM,29.053,,,
10094,07/02/24 04:10:00 PM,29.053,,,
10095,07/02/24 04:20:00 PM,28.953,,,
10096,07/02/24 04:30:00 PM,28.953,,,
10097,07/02/24 04:40:00 PM,29.053,,,
10098,07/02/24 04:50:00 PM,29.053,,,
10099,07/02/24 05:00:00 PM,28.953,,,
10100,07/02/24 05:10:00 PM,29.053,,,
10101,07/02/24 05:20:00 PM,29.053,,,
10102,07/02/24 05:30:00 PM,28.953,,,
10103,07/02/24 05:40:00 PM,28.953,,,
10104,07/02/24 05:50:00 PM,28.953,,,
10105,07/02/24 06:00:00 PM,28.853,,,
10106,07/02/24 06:10:00 PM,28.853,,,
10107,07/02/24 06:20:00 PM,28.853,,,
10108,07/02/24 06:30:00 PM,28.853,,,
10109,07/02/24 06:40:00 PM,28.853,,,
10110,07/02/24 06:50:00 PM,28.853,,,
10111,07/02/24 07:00:00 PM,28.754,,,
10112,07/02/24 07:10:00 PM,28.754,,,
10113,07/02/24 07:20:00 PM,28.754,,,
10114,07/02/24 07:30:00 PM,28.754,,,
10115,07/02/24 07:40:00 PM,28.754,,,
10116,07/02/24 07:50:00 PM,28.754,,,
10117,07/02/24 08:00:00 PM,28.655,,,
10118,07/02/24 08:10:00 PM,28.655,,,
10119,07/02/24 08:20:00 PM,28.655,,,
10120,07/02/24 08:30:00 PM,28.655,,,
10121,07/02/24 08:40:00 PM,28.655,,,
10122,07/02/24 08:50:00 PM,28.655,,,
10123,07/02/24 09:00:00 PM,28.655,,,
10124,07/02/24 09:10:00 PM,28.655,,,
10125,07/02/24 09:20:00 PM,28.655,,,
10126,07/02/24 09:30:00 PM,28.555,,,
10127,07/02/24 09:40:00 PM,28.555,,,
10128,07/02/24 09:50:00 PM,28.555,,,
10129,07/02/24 10:00:00 PM,28.555,,,
10130,07/02/24 10:10:00 PM,28.655,,,
10131,07/02/24 10:20:00 PM,28.655,,,
10132,07/02/24 10:30:00 PM,28.555,,,
10133,07/02/24 10:40:00 PM,28.555,,,
10134,07/02/24 10:50:00 PM,28.555,,,
10135,07/02/24 11:00:00 PM,28.456,,,
10136,07/02/24 11:10:00 PM,28.456,,,
10137,07/02/24 11:20:00 PM,28.357,,,
10138,07/02/24 11:30:00 PM,28.357,,,
10139,07/02/24 11:40:00 PM,28.357,,,
10140,07/02/24 11:50:00 PM,28.258,,,
10141,07/03/24 12:00:00 AM,28.159,,,
10142,07/03/24 12:10:00 AM,28.060,,,
10143,07/03/24 12:20:00 AM,28.060,,,
10144,07/03/24 12:30:00 AM,27.862,,,
10145,07/03/24 12:40:00 AM,27.862,,,
10146,07/03/24 12:50:00 AM,27.862,,,
10147,07/03/24 01:00:00 AM,27.862,,,
10148,07/03/24 01:10:00 AM,27.862,,,
10149,07/03/24 01:20:00 AM,27.764,,,
10150,07/03/24 01:30:00 AM,27.764,,,
10151,07/03/24 01:40:00 AM,27.764,,,
10152,07/03/24 01:50:00 AM,27.665,,,
10153,07/03/24 02:00:00 AM,27.665,,,
10154,07/03/24 02:10:00 AM,27.567,,,
10155,07/03/24 02:20:00 AM,27.468,,,
10156,07/03/24 02:30:00 AM,27.468,,,
10157,07/03/24 02:40:00 AM,27.272,,,
10158,07/03/24 02:50:00 AM,27.173,,,
10159,07/03/24 03:00:00 AM,27.272,,,
10160,07/03/24 03:10:00 AM,27.272,,,
10161,07/03/24 03:20:00 AM,27.272,,,
10162,07/03/24 03:30:00 AM,27.272,,,
10163,07/03/24 03:40:00 AM,27.272,,,
10164,07/03/24 03:50:00 AM,27.173,,,
10165,07/03/24 04:00:00 AM,27.173,,,
10166,07/03/24 04:10:00 AM,27.173,,,
10167,07/03/24 04:20:00 AM,27.173,,,
10168,07/03/24 04:30:00 AM,27.173,,,
10169,07/03/24 04:40:00 AM,26.977,,,
10170,07/03/24 04:50:00 AM,26.977,,,
10171,07/03/24 05:00:00 AM,26.977,,,
10172,07/03/24 05:10:00 AM,26.977,,,
10173,07/03/24 05:20:00 AM,26.879,,,
10174,07/03/24 05:30:00 AM,26.879,,,
10175,07/03/24 05:40:00 AM,26.879,,,
10176,07/03/24 05:50:00 AM,26.781,,,
10177,07/03/24 06:00:00 AM,26.781,,,
10178,07/03/24 06:10:00 AM,26.683,,,
10179,07/03/24 06:20:00 AM,26.683,,,
10180,07/03/24 06:30:00 AM,26.879,,,
10181,07/03/24 06:40:00 AM,26.683,,,
10182,07/03/24 06:50:00 AM,26.390,,,
10183,07/03/24 07:00:00 AM,26.488,,,
10184,07/03/24 07:10:00 AM,26.390,,,
10185,07/03/24 07:20:00 AM,26.488,,,
10186,07/03/24 07:30:00 AM,26.390,,,
10187,07/03/24 07:40:00 AM,26.488,,,
10188,07/03/24 07:50:00 AM,26.488,,,
10189,07/03/24 08:00:00 AM,26.488,,,
10190,07/03/24 08:10:00 AM,26.488,,,
10191,07/03/24 08:20:00 AM,26.488,,,
10192,07/03/24 08:30:00 AM,26.488,,,
10193,07/03/24 08:40:00 AM,26.488,,,
10194,07/03/24 08:50:00 AM,26.292,,,
10195,07/03/24 09:00:00 AM,26.195,,,
10196,07/03/24 09:10:00 AM,26.390,,,
10197,07/03/24 09:20:00 AM,26.292,,,
10198,07/03/24 09:30:00 AM,26.488,,,
10199,07/03/24 09:40:00 AM,26.488,,,
10200,07/03/24 09:50:00 AM,26.585,,,
10201,07/03/24 10:00:00 AM,26.781,,,
10202,07/03/24 10:10:00 AM,26.879,,,
10203,07/03/24 10:20:00 AM,26.977,,,
10204,07/03/24 10:30:00 AM,27.075,,,
10205,07/03/24 10:40:00 AM,27.173,,,
10206,07/03/24 10:50:00 AM,27.272,,,
10207,07/03/24 11:00:00 AM,27.370,,,
10208,07/03/24 11:10:00 AM,27.468,,,
10209,07/03/24 11:20:00 AM,27.567,,,
10210,07/03/24 11:30:00 AM,27.665,,,
10211,07/03/24 11:40:00 AM,27.764,,,
10212,07/03/24 11:50:00 AM,27.764,,,
10213,07/03/24 12:00:00 PM,27.961,,,
10214,07/03/24 12:10:00 PM,28.060,,,
10215,07/03/24 12:20:00 PM,28.060,,,
10216,07/03/24 12:30:00 PM,28.258,,,
10217,07/03/24 12:40:00 PM,28.258,,,
10218,07/03/24 12:50:00 PM,28.357,,,
10219,07/03/24 01:00:00 PM,28.357,,,
10220,07/03/24 01:10:00 PM,28.159,,,
10221,07/03/24 01:20:00 PM,28.159,,,
10222,07/03/24 01:30:00 PM,28.159,,,
10223,07/03/24 01:40:00 PM,28.258,,,
10224,07/03/24 01:50:00 PM,28.258,,,
10225,07/03/24 02:00:00 PM,28.258,,,
10226,07/03/24 02:10:00 PM,28.258,,,
10227,07/03/24 02:20:00 PM,28.357,,,
10228,07/03/24 02:30:00 PM,28.258,,,
10229,07/03/24 02:40:00 PM,28.357,,,
10230,07/03/24 02:50:00 PM,28.357,,,
10231,07/03/24 03:00:00 PM,28.456,,,
10232,07/03/24 03:10:00 PM,28.357,,,
10233,07/03/24 03:20:00 PM,28.456,,,
10234,07/03/24 03:30:00 PM,28.357,,,
10235,07/03/24 03:40:00 PM,28.258,,,
10236,07/03/24 03:50:00 PM,28.258,,,
10237,07/03/24 04:00:00 PM,28.258,,,
10238,07/03/24 04:10:00 PM,28.357,,,
10239,07/03/24 04:20:00 PM,28.456,,,
10240,07/03/24 04:30:00 PM,28.456,,,
10241,07/03/24 04:40:00 PM,28.456,,,
10242,07/03/24 04:50:00 PM,28.555,,,
10243,07/03/24 05:00:00 PM,28.555,,,
10244,07/03/24 05:10:00 PM,28.655,,,
10245,07/03/24 05:20:00 PM,28.754,,,
10246,07/03/24 05:30:00 PM,28.754,,,
10247,07/03/24 05:40:00 PM,28.853,,,
10248,07/03/24 05:50:00 PM,28.853,,,
10249,07/03/24 06:00:00 PM,28.953,,,
10250,07/03/24 06:10:00 PM,29.053,,,
10251,07/03/24 06:20:00 PM,29.252,,,
10252,07/03/24 06:30:00 PM,29.252,,,
10253,07/03/24 06:40:00 PM,29.152,,,
10254,07/03/24 06:50:00 PM,29.152,,,
10255,07/03/24 07:00:00 PM,29.152,,,
10256,07/03/24 07:10:00 PM,29.152,,,
10257,07/03/24 07:20:00 PM,29.252,,,
10258,07/03/24 07:30:00 PM,29.252,,,
10259,07/03/24 07:40:00 PM,29.252,,,
10260,07/03/24 07:50:00 PM,29.252,,,
10261,07/03/24 08:00:00 PM,29.152,,,
10262,07/03/24 08:10:00 PM,29.152,,,
10263,07/03/24 08:20:00 PM,29.152,,,
10264,07/03/24 08:30:00 PM,29.152,,,
10265,07/03/24 08:40:00 PM,29.152,,,
10266,07/03/24 08:50:00 PM,29.053,,,
10267,07/03/24 09:00:00 PM,28.953,,,
10268,07/03/24 09:10:00 PM,28.953,,,
10269,07/03/24 09:20:00 PM,28.953,,,
10270,07/03/24 09:30:00 PM,28.953,,,
10271,07/03/24 09:40:00 PM,28.853,,,
10272,07/03/24 09:50:00 PM,28.953,,,
10273,07/03/24 10:00:00 PM,28.953,,,
10274,07/03/24 10:10:00 PM,28.953,,,
10275,07/03/24 10:20:00 PM,28.953,,,
10276,07/03/24 10:30:00 PM,28.853,,,
10277,07/03/24 10:40:00 PM,28.853,,,
10278,07/03/24 10:50:00 PM,28.853,,,
10279,07/03/24 11:00:00 PM,28.853,,,
10280,07/03/24 11:10:00 PM,28.853,,,
10281,07/03/24 11:20:00 PM,28.853,,,
10282,07/03/24 11:30:00 PM,28.754,,,
10283,07/03/24 11:40:00 PM,28.754,,,
10284,07/03/24 11:50:00 PM,28.754,,,
10285,07/04/24 12:00:00 AM,28.754,,,
10286,07/04/24 12:10:00 AM,28.754,,,
10287,07/04/24 12:20:00 AM,28.655,,,
10288,07/04/24 12:30:00 AM,28.655,,,
10289,07/04/24 12:40:00 AM,28.655,,,
10290,07/04/24 12:50:00 AM,28.655,,,
10291,07/04/24 01:00:00 AM,28.655,,,
10292,07/04/24 01:10:00 AM,28.655,,,
10293,07/04/24 01:20:00 AM,28.456,,,
10294,07/04/24 01:30:00 AM,28.357,,,
10295,07/04/24 01:40:00 AM,28.357,,,
10296,07/04/24 01:50:00 AM,28.258,,,
10297,07/04/24 02:00:00 AM,28.258,,,
10298,07/04/24 02:10:00 AM,28.159,,,
10299,07/04/24 02:20:00 AM,28.159,,,
10300,07/04/24 02:30:00 AM,28.060,,,
10301,07/04/24 02:40:00 AM,28.060,,,
10302,07/04/24 02:50:00 AM,28.060,,,
10303,07/04/24 03:00:00 AM,28.060,,,
10304,07/04/24 03:10:00 AM,27.961,,,
10305,07/04/24 03:20:00 AM,27.961,,,
10306,07/04/24 03:30:00 AM,27.961,,,
10307,07/04/24 03:40:00 AM,27.961,,,
10308,07/04/24 03:50:00 AM,27.961,,,
10309,07/04/24 04:00:00 AM,27.961,,,
10310,07/04/24 04:10:00 AM,27.961,,,
10311,07/04/24 04:20:00 AM,27.862,,,
10312,07/04/24 04:30:00 AM,27.862,,,
10313,07/04/24 04:40:00 AM,27.862,,,
10314,07/04/24 04:50:00 AM,27.862,,,
10315,07/04/24 05:00:00 AM,27.862,,,
10316,07/04/24 05:10:00 AM,27.862,,,
10317,07/04/24 05:20:00 AM,27.862,,,
10318,07/04/24 05:30:00 AM,27.862,,,
10319,07/04/24 05:40:00 AM,27.862,,,
10320,07/04/24 05:50:00 AM,27.862,,,
10321,07/04/24 06:00:00 AM,27.862,,,
10322,07/04/24 06:10:00 AM,27.764,,,
10323,07/04/24 06:20:00 AM,27.764,,,
10324,07/04/24 06:30:00 AM,27.862,,,
10325,07/04/24 06:40:00 AM,27.764,,,
10326,07/04/24 06:50:00 AM,27.764,,,
10327,07/04/24 07:00:00 AM,27.764,,,
10328,07/04/24 07:10:00 AM,27.764,,,
10329,07/04/24 07:20:00 AM,27.764,,,
10330,07/04/24 07:30:00 AM,27.665,,,
10331,07/04/24 07:40:00 AM,27.665,,,
10332,07/04/24 07:50:00 AM,27.567,,,
10333,07/04/24 08:00:00 AM,27.567,,,
10334,07/04/24 08:10:00 AM,27.567,,,
10335,07/04/24 08:20:00 AM,27.567,,,
10336,07/04/24 08:30:00 AM,27.665,,,
10337,07/04/24 08:40:00 AM,27.567,,,
10338,07/04/24 08:50:00 AM,27.567,,,
10339,07/04/24 09:00:00 AM,27.665,,,
10340,07/04/24 09:10:00 AM,27.665,,,
10341,07/04/24 09:20:00 AM,27.764,,,
10342,07/04/24 09:30:00 AM,27.764,,,
10343,07/04/24 09:40:00 AM,27.764,,,
10344,07/04/24 09:50:00 AM,27.665,,,
10345,07/04/24 10:00:00 AM,27.665,,,
10346,07/04/24 10:10:00 AM,27.665,,,
10347,07/04/24 10:20:00 AM,27.764,,,
10348,07/04/24 10:30:00 AM,27.764,,,
10349,07/04/24 10:40:00 AM,27.862,,,
10350,07/04/24 10:50:00 AM,27.961,,,
10351,07/04/24 11:00:00 AM,28.060,,,
10352,07/04/24 11:10:00 AM,28.060,,,
10353,07/04/24 11:20:00 AM,28.060,,,
10354,07/04/24 11:30:00 AM,28.060,,,
10355,07/04/24 11:40:00 AM,28.060,,,
10356,07/04/24 11:50:00 AM,28.159,,,
10357,07/04/24 12:00:00 PM,28.060,,,
10358,07/04/24 12:10:00 PM,28.159,,,
10359,07/04/24 12:20:00 PM,28.060,,,
10360,07/04/24 12:30:00 PM,28.060,,,
10361,07/04/24 12:40:00 PM,28.159,,,
10362,07/04/24 12:50:00 PM,28.258,,,
10363,07/04/24 01:00:00 PM,28.655,,,
10364,07/04/24 01:10:00 PM,28.655,,,
10365,07/04/24 01:20:00 PM,28.655,,,
10366,07/04/24 01:30:00 PM,28.655,,,
10367,07/04/24 01:40:00 PM,28.754,,,
10368,07/04/24 01:50:00 PM,28.655,,,
10369,07/04/24 02:00:00 PM,28.754,,,
10370,07/04/24 02:10:00 PM,28.754,,,
10371,07/04/24 02:20:00 PM,28.754,,,
10372,07/04/24 02:30:00 PM,28.853,,,
10373,07/04/24 02:40:00 PM,28.853,,,
10374,07/04/24 02:50:00 PM,28.853,,,
10375,07/04/24 03:00:00 PM,28.953,,,
10376,07/04/24 03:10:00 PM,29.053,,,
10377,07/04/24 03:20:00 PM,29.053,,,
10378,07/04/24 03:30:00 PM,28.953,,,
10379,07/04/24 03:40:00 PM,28.754,,,
10380,07/04/24 03:50:00 PM,28.655,,,
10381,07/04/24 04:00:00 PM,28.655,,,
10382,07/04/24 04:10:00 PM,28.655,,,
10383,07/04/24 04:20:00 PM,28.555,,,
10384,07/04/24 04:30:00 PM,28.555,,,
10385,07/04/24 04:40:00 PM,28.555,,,
10386,07/04/24 04:50:00 PM,28.555,,,
10387,07/04/24 05:00:00 PM,28.555,,,
10388,07/04/24 05:10:00 PM,28.555,,,
10389,07/04/24 05:20:00 PM,28.555,,,
10390,07/04/24 05:30:00 PM,28.555,,,
10391,07/04/24 05:40:00 PM,28.655,,,
10392,07/04/24 05:50:00 PM,28.555,,,
10393,07/04/24 06:00:00 PM,28.655,,,
10394,07/04/24 06:10:00 PM,28.555,,,
10395,07/04/24 06:20:00 PM,28.555,,,
10396,07/04/24 06:30:00 PM,28.555,,,
10397,07/04/24 06:40:00 PM,28.555,,,
10398,07/04/24 06:50:00 PM,28.555,,,
10399,07/04/24 07:00:00 PM,28.655,,,
10400,07/04/24 07:10:00 PM,28.655,,,
10401,07/04/24 07:20:00 PM,28.655,,,
10402,07/04/24 07:30:00 PM,28.655,,,
10403,07/04/24 07:40:00 PM,28.655,,,
10404,07/04/24 07:50:00 PM,28.655,,,
10405,07/04/24 08:00:00 PM,28.655,,,
10406,07/04/24 08:10:00 PM,28.555,,,
10407,07/04/24 08:20:00 PM,28.555,,,
10408,07/04/24 08:30:00 PM,28.456,,,
10409,07/04/24 08:40:00 PM,28.555,,,
10410,07/04/24 08:50:00 PM,28.555,,,
10411,07/04/24 09:00:00 PM,28.456,,,
10412,07/04/24 09:10:00 PM,28.456,,,
10413,07/04/24 09:20:00 PM,28.456,,,
10414,07/04/24 09:30:00 PM,28.456,,,
10415,07/04/24 09:40:00 PM,28.456,,,
10416,07/04/24 09:50:00 PM,28.456,,,
10417,07/04/24 10:00:00 PM,28.357,,,
10418,07/04/24 10:10:00 PM,28.258,,,
10419,07/04/24 10:20:00 PM,28.258,,,
10420,07/04/24 10:30:00 PM,28.258,,,
10421,07/04/24 10:40:00 PM,28.258,,,
10422,07/04/24 10:50:00 PM,28.159,,,
10423,07/04/24 11:00:00 PM,28.258,,,
10424,07/04/24 11:10:00 PM,28.159,,,
10425,07/04/24 11:20:00 PM,28.159,,,
10426,07/04/24 11:30:00 PM,28.159,,,
10427,07/04/24 11:40:00 PM,28.159,,,
10428,07/04/24 11:50:00 PM,28.159,,,
10429,07/05/24 12:00:00 AM,28.060,,,
10430,07/05/24 12:10:00 AM,28.060,,,
10431,07/05/24 12:20:00 AM,28.060,,,
10432,07/05/24 12:30:00 AM,28.060,,,
10433,07/05/24 12:40:00 AM,28.060,,,
10434,07/05/24 12:50:00 AM,27.961,,,
10435,07/05/24 01:00:00 AM,27.961,,,
10436,07/05/24 01:10:00 AM,27.961,,,
10437,07/05/24 01:20:00 AM,27.961,,,
10438,07/05/24 01:30:00 AM,27.961,,,
10439,07/05/24 01:40:00 AM,27.961,,,
10440,07/05/24 01:50:00 AM,27.862,,,
10441,07/05/24 02:00:00 AM,27.961,,,
10442,07/05/24 02:10:00 AM,27.961,,,
10443,07/05/24 02:20:00 AM,27.862,,,
10444,07/05/24 02:30:00 AM,27.961,,,
10445,07/05/24 02:40:00 AM,27.862,,,
10446,07/05/24 02:50:00 AM,27.862,,,
10447,07/05/24 03:00:00 AM,27.862,,,
10448,07/05/24 03:10:00 AM,27.862,,,
10449,07/05/24 03:20:00 AM,27.862,,,
10450,07/05/24 03:30:00 AM,27.764,,,
10451,07/05/24 03:40:00 AM,27.764,,,
10452,07/05/24 03:50:00 AM,27.764,,,
10453,07/05/24 04:00:00 AM,27.665,,,
10454,07/05/24 04:10:00 AM,27.665,,,
10455,07/05/24 04:20:00 AM,27.665,,,
10456,07/05/24 04:30:00 AM,27.665,,,
10457,07/05/24 04:40:00 AM,27.567,,,
10458,07/05/24 04:50:00 AM,27.567,,,
10459,07/05/24 05:00:00 AM,27.665,,,
10460,07/05/24 05:10:00 AM,27.567,,,
10461,07/05/24 05:20:00 AM,27.468,,,
10462,07/05/24 05:30:00 AM,27.468,,,
10463,07/05/24 05:40:00 AM,27.468,,,
10464,07/05/24 05:50:00 AM,27.468,,,
10465,07/05/24 06:00:00 AM,27.468,,,
10466,07/05/24 06:10:00 AM,27.468,,,
10467,07/05/24 06:20:00 AM,27.468,,,
10468,07/05/24 06:30:00 AM,27.468,,,
10469,07/05/24 06:40:00 AM,27.468,,,
10470,07/05/24 06:50:00 AM,27.370,,,
10471,07/05/24 07:00:00 AM,27.370,,,
10472,07/05/24 07:10:00 AM,27.272,,,
10473,07/05/24 07:20:00 AM,27.370,,,
10474,07/05/24 07:30:00 AM,27.370,,,
10475,07/05/24 07:40:00 AM,27.468,,,
10476,07/05/24 07:50:00 AM,27.370,,,
10477,07/05/24 08:00:00 AM,27.370,,,
10478,07/05/24 08:10:00 AM,27.370,,,
10479,07/05/24 08:20:00 AM,27.370,,,
10480,07/05/24 08:30:00 AM,27.468,,,
10481,07/05/24 08:40:00 AM,27.468,,,
10482,07/05/24 08:50:00 AM,27.567,,,
10483,07/05/24 09:00:00 AM,27.468,,,
10484,07/05/24 09:10:00 AM,27.468,,,
10485,07/05/24 09:20:00 AM,27.468,,,
10486,07/05/24 09:30:00 AM,27.567,,,
10487,07/05/24 09:40:00 AM,27.665,,,
10488,07/05/24 09:50:00 AM,27.764,,,
10489,07/05/24 10:00:00 AM,27.862,,,
10490,07/05/24 10:10:00 AM,27.961,,,
10491,07/05/24 10:20:00 AM,28.060,,,
10492,07/05/24 10:30:00 AM,28.060,,,
10493,07/05/24 10:40:00 AM,28.258,,,
10494,07/05/24 10:50:00 AM,28.258,,,
10495,07/05/24 11:00:00 AM,28.357,,,
10496,07/05/24 11:10:00 AM,28.357,,,
10497,07/05/24 11:20:00 AM,28.456,,,
10498,07/05/24 11:30:00 AM,28.456,,,
10499,07/05/24 11:40:00 AM,28.655,,,
10500,07/05/24 11:50:00 AM,28.754,,,
10501,07/05/24 12:00:00 PM,28.953,,,
10502,07/05/24 12:10:00 PM,28.853,,,
10503,07/05/24 12:20:00 PM,28.853,,,
10504,07/05/24 12:30:00 PM,28.853,,,
10505,07/05/24 12:40:00 PM,28.754,,,
10506,07/05/24 12:50:00 PM,28.853,,,
10507,07/05/24 01:00:00 PM,28.754,,,
10508,07/05/24 01:10:00 PM,28.953,,,
10509,07/05/24 01:20:00 PM,29.053,,,
10510,07/05/24 01:30:00 PM,29.053,,,
10511,07/05/24 01:40:00 PM,29.252,,,
10512,07/05/24 01:50:00 PM,29.252,,,
10513,07/05/24 02:00:00 PM,29.252,,,
10514,07/05/24 02:10:00 PM,29.152,,,
10515,07/05/24 02:20:00 PM,29.252,,,
10516,07/05/24 02:30:00 PM,29.252,,,
10517,07/05/24 02:40:00 PM,29.152,,,
10518,07/05/24 02:50:00 PM,29.053,,,
10519,07/05/24 03:00:00 PM,28.953,,,
10520,07/05/24 03:10:00 PM,28.853,,,
10521,07/05/24 03:20:00 PM,28.853,,,
10522,07/05/24 03:30:00 PM,29.053,,,
10523,07/05/24 03:40:00 PM,29.053,,,
10524,07/05/24 03:50:00 PM,29.053,,,
10525,07/05/24 04:00:00 PM,28.953,,,
10526,07/05/24 04:10:00 PM,28.953,,,
10527,07/05/24 04:20:00 PM,28.953,,,
10528,07/05/24 04:30:00 PM,28.853,,,
10529,07/05/24 04:40:00 PM,28.853,,,
10530,07/05/24 04:50:00 PM,28.754,,,
10531,07/05/24 05:00:00 PM,28.754,,,
10532,07/05/24 05:10:00 PM,28.754,,,
10533,07/05/24 05:20:00 PM,28.754,,,
10534,07/05/24 05:30:00 PM,28.754,,,
10535,07/05/24 05:40:00 PM,28.655,,,
10536,07/05/24 05:50:00 PM,28.754,,,
10537,07/05/24 06:00:00 PM,28.853,,,
10538,07/05/24 06:10:00 PM,28.853,,,
10539,07/05/24 06:20:00 PM,28.953,,,
10540,07/05/24 06:30:00 PM,28.853,,,
10541,07/05/24 06:40:00 PM,28.853,,,
10542,07/05/24 06:50:00 PM,28.853,,,
10543,07/05/24 07:00:00 PM,28.853,,,
10544,07/05/24 07:10:00 PM,28.754,,,
10545,07/05/24 07:20:00 PM,28.754,,,
10546,07/05/24 07:30:00 PM,28.754,,,
10547,07/05/24 07:40:00 PM,28.853,,,
10548,07/05/24 07:50:00 PM,28.953,,,
10549,07/05/24 08:00:00 PM,28.853,,,
10550,07/05/24 08:10:00 PM,28.853,,,
10551,07/05/24 08:20:00 PM,28.853,,,
10552,07/05/24 08:30:00 PM,28.853,,,
10553,07/05/24 08:40:00 PM,28.754,,,
10554,07/05/24 08:50:00 PM,28.953,,,
10555,07/05/24 09:00:00 PM,28.853,,,
10556,07/05/24 09:10:00 PM,29.053,,,
10557,07/05/24 09:20:00 PM,28.754,,,
10558,07/05/24 09:30:00 PM,28.456,,,
10559,07/05/24 09:40:00 PM,28.258,,,
10560,07/05/24 09:50:00 PM,28.258,,,
10561,07/05/24 10:00:00 PM,28.258,,,
10562,07/05/24 10:10:00 PM,28.060,,,
10563,07/05/24 10:20:00 PM,28.060,,,
10564,07/05/24 10:30:00 PM,28.060,,,
10565,07/05/24 10:40:00 PM,28.159,,,
10566,07/05/24 10:50:00 PM,28.159,,,
10567,07/05/24 11:00:00 PM,28.060,,,
10568,07/05/24 11:10:00 PM,28.060,,,
10569,07/05/24 11:20:00 PM,27.961,,,
10570,07/05/24 11:30:00 PM,27.961,,,
10571,07/05/24 11:40:00 PM,28.060,,,
10572,07/05/24 11:50:00 PM,28.060,,,
10573,07/06/24 12:00:00 AM,28.060,,,
10574,07/06/24 12:10:00 AM,27.862,,,
10575,07/06/24 12:20:00 AM,27.961,,,
10576,07/06/24 12:30:00 AM,27.862,,,
10577,07/06/24 12:40:00 AM,27.862,,,
10578,07/06/24 12:50:00 AM,27.961,,,
10579,07/06/24 01:00:00 AM,27.665,,,
10580,07/06/24 01:10:00 AM,27.764,,,
10581,07/06/24 01:20:00 AM,27.764,,,
10582,07/06/24 01:30:00 AM,27.862,,,
10583,07/06/24 01:40:00 AM,27.862,,,
10584,07/06/24 01:50:00 AM,27.862,,,
10585,07/06/24 02:00:00 AM,27.764,,,
10586,07/06/24 02:10:00 AM,27.862,,,
10587,07/06/24 02:20:00 AM,27.862,,,
10588,07/06/24 02:30:00 AM,27.862,,,
10589,07/06/24 02:40:00 AM,27.862,,,
10590,07/06/24 02:50:00 AM,27.764,,,
10591,07/06/24 03:00:00 AM,27.764,,,
10592,07/06/24 03:10:00 AM,27.764,,,
10593,07/06/24 03:20:00 AM,27.665,,,
10594,07/06/24 03:30:00 AM,27.764,,,
10595,07/06/24 03:40:00 AM,27.862,,,
10596,07/06/24 03:50:00 AM,27.862,,,
10597,07/06/24 04:00:00 AM,27.862,,,
10598,07/06/24 04:10:00 AM,27.764,,,
10599,07/06/24 04:20:00 AM,27.764,,,
10600,07/06/24 04:30:00 AM,27.764,,,
10601,07/06/24 04:40:00 AM,27.764,,,
10602,07/06/24 04:50:00 AM,27.764,,,
10603,07/06/24 05:00:00 AM,27.665,,,
10604,07/06/24 05:10:00 AM,27.665,,,
10605,07/06/24 05:20:00 AM,27.665,,,
10606,07/06/24 05:30:00 AM,27.665,,,
10607,07/06/24 05:40:00 AM,27.665,,,
10608,07/06/24 05:50:00 AM,27.665,,,
10609,07/06/24 06:00:00 AM,27.567,,,
10610,07/06/24 06:10:00 AM,27.567,,,
10611,07/06/24 06:20:00 AM,27.468,,,
10612,07/06/24 06:30:00 AM,27.468,,,
10613,07/06/24 06:40:00 AM,27.468,,,
10614,07/06/24 06:50:00 AM,27.468,,,
10615,07/06/24 07:00:00 AM,27.468,,,
10616,07/06/24 07:10:00 AM,27.468,,,
10617,07/06/24 07:20:00 AM,27.370,,,
10618,07/06/24 07:30:00 AM,27.468,,,
10619,07/06/24 07:40:00 AM,27.468,,,
10620,07/06/24 07:50:00 AM,27.468,,,
10621,07/06/24 08:00:00 AM,27.468,,,
10622,07/06/24 08:10:00 AM,27.468,,,
10623,07/06/24 08:20:00 AM,27.468,,,
10624,07/06/24 08:30:00 AM,27.468,,,
10625,07/06/24 08:40:00 AM,27.468,,,
10626,07/06/24 08:50:00 AM,27.567,,,
10627,07/06/24 09:00:00 AM,27.567,,,
10628,07/06/24 09:10:00 AM,27.567,,,
10629,07/06/24 09:20:00 AM,27.567,,,
10630,07/06/24 09:30:00 AM,27.665,,,
10631,07/06/24 09:40:00 AM,27.665,,,
10632,07/06/24 09:50:00 AM,27.665,,,
10633,07/06/24 10:00:00 AM,27.665,,,
10634,07/06/24 10:10:00 AM,27.665,,,
10635,07/06/24 10:20:00 AM,27.764,,,
10636,07/06/24 10:30:00 AM,27.862,,,
10637,07/06/24 10:40:00 AM,27.961,,,
10638,07/06/24 10:50:00 AM,27.862,,,
10639,07/06/24 11:00:00 AM,28.060,,,
10640,07/06/24 11:10:00 AM,28.258,,,
10641,07/06/24 11:20:00 AM,28.258,,,
10642,07/06/24 11:30:00 AM,28.357,,,
10643,07/06/24 11:40:00 AM,28.555,,,
10644,07/06/24 11:50:00 AM,28.555,,,
10645,07/06/24 12:00:00 PM,28.555,,,
10646,07/06/24 12:10:00 PM,28.754,,,
10647,07/06/24 12:20:00 PM,28.754,,,
10648,07/06/24 12:30:00 PM,28.754,,,
10649,07/06/24 12:40:00 PM,28.555,,,
10650,07/06/24 12:50:00 PM,28.655,,,
10651,07/06/24 01:00:00 PM,28.754,,,
10652,07/06/24 01:10:00 PM,28.754,,,
10653,07/06/24 01:20:00 PM,28.853,,,
10654,07/06/24 01:30:00 PM,28.853,,,
10655,07/06/24 01:40:00 PM,28.754,,,
10656,07/06/24 01:50:00 PM,28.853,,,
10657,07/06/24 02:00:00 PM,28.853,,,
10658,07/06/24 02:10:00 PM,28.655,,,
10659,07/06/24 02:20:00 PM,28.754,,,
10660,07/06/24 02:30:00 PM,28.853,,,
10661,07/06/24 02:40:00 PM,28.853,,,
10662,07/06/24 02:50:00 PM,28.853,,,
10663,07/06/24 03:00:00 PM,28.853,,,
10664,07/06/24 03:10:00 PM,28.853,,,
10665,07/06/24 03:20:00 PM,28.853,,,
10666,07/06/24 03:30:00 PM,28.853,,,
10667,07/06/24 03:40:00 PM,28.853,,,
10668,07/06/24 03:50:00 PM,28.853,,,
10669,07/06/24 04:00:00 PM,28.853,,,
10670,07/06/24 04:10:00 PM,28.853,,,
10671,07/06/24 04:20:00 PM,28.853,,,
10672,07/06/24 04:30:00 PM,28.853,,,
10673,07/06/24 04:40:00 PM,28.853,,,
10674,07/06/24 04:50:00 PM,28.853,,,
10675,07/06/24 05:00:00 PM,28.853,,,
10676,07/06/24 05:10:00 PM,28.853,,,
10677,07/06/24 05:20:00 PM,28.754,,,
10678,07/06/24 05:30:00 PM,28.655,,,
10679,07/06/24 05:40:00 PM,28.655,,,
10680,07/06/24 05:50:00 PM,28.655,,,
10681,07/06/24 06:00:00 PM,28.555,,,
10682,07/06/24 06:10:00 PM,28.555,,,
10683,07/06/24 06:20:00 PM,28.456,,,
10684,07/06/24 06:30:00 PM,28.456,,,
10685,07/06/24 06:40:00 PM,28.555,,,
10686,07/06/24 06:50:00 PM,28.555,,,
10687,07/06/24 07:00:00 PM,28.555,,,
10688,07/06/24 07:10:00 PM,28.456,,,
10689,07/06/24 07:20:00 PM,28.456,,,
10690,07/06/24 07:30:00 PM,28.456,,,
10691,07/06/24 07:40:00 PM,28.456,,,
10692,07/06/24 07:50:00 PM,28.357,,,
10693,07/06/24 08:00:00 PM,28.357,,,
10694,07/06/24 08:10:00 PM,28.456,,,
10695,07/06/24 08:20:00 PM,28.357,,,
10696,07/06/24 08:30:00 PM,28.357,,,
10697,07/06/24 08:40:00 PM,28.357,,,
10698,07/06/24 08:50:00 PM,28.357,,,
10699,07/06/24 09:00:00 PM,28.357,,,
10700,07/06/24 09:10:00 PM,28.258,,,
10701,07/06/24 09:20:00 PM,28.258,,,
10702,07/06/24 09:30:00 PM,28.258,,,
10703,07/06/24 09:40:00 PM,28.258,,,
10704,07/06/24 09:50:00 PM,28.258,,,
10705,07/06/24 10:00:00 PM,28.258,,,
10706,07/06/24 10:10:00 PM,28.258,,,
10707,07/06/24 10:20:00 PM,28.258,,,
10708,07/06/24 10:30:00 PM,28.258,,,
10709,07/06/24 10:40:00 PM,28.258,,,
10710,07/06/24 10:50:00 PM,28.258,,,
10711,07/06/24 11:00:00 PM,28.258,,,
10712,07/06/24 11:10:00 PM,28.258,,,
10713,07/06/24 11:20:00 PM,28.258,,,
10714,07/06/24 11:30:00 PM,28.258,,,
10715,07/06/24 11:40:00 PM,28.159,,,
10716,07/06/24 11:50:00 PM,28.159,,,
10717,07/07/24 12:00:00 AM,28.159,,,
10718,07/07/24 12:10:00 AM,28.159,,,
10719,07/07/24 12:20:00 AM,28.060,,,
10720,07/07/24 12:30:00 AM,28.060,,,
10721,07/07/24 12:40:00 AM,28.060,,,
10722,07/07/24 12:50:00 AM,28.060,,,
10723,07/07/24 01:00:00 AM,28.060,,,
10724,07/07/24 01:10:00 AM,28.060,,,
10725,07/07/24 01:20:00 AM,28.060,,,
10726,07/07/24 01:30:00 AM,27.961,,,
10727,07/07/24 01:40:00 AM,27.961,,,
10728,07/07/24 01:50:00 AM,27.862,,,
10729,07/07/24 02:00:00 AM,27.862,,,
10730,07/07/24 02:10:00 AM,27.764,,,
10731,07/07/24 02:20:00 AM,27.665,,,
10732,07/07/24 02:30:00 AM,27.764,,,
10733,07/07/24 02:40:00 AM,27.764,,,
10734,07/07/24 02:50:00 AM,27.764,,,
10735,07/07/24 03:00:00 AM,27.764,,,
10736,07/07/24 03:10:00 AM,27.665,,,
10737,07/07/24 03:20:00 AM,27.567,,,
10738,07/07/24 03:30:00 AM,27.567,,,
10739,07/07/24 03:40:00 AM,27.567,,,
10740,07/07/24 03:50:00 AM,27.567,,,
10741,07/07/24 04:00:00 AM,27.567,,,
10742,07/07/24 04:10:00 AM,27.468,,,
10743,07/07/24 04:20:00 AM,27.468,,,
10744,07/07/24 04:30:00 AM,27.468,,,
10745,07/07/24 04:40:00 AM,27.468,,,
10746,07/07/24 04:50:00 AM,27.468,,,
10747,07/07/24 05:00:00 AM,27.370,,,
10748,07/07/24 05:10:00 AM,27.272,,,
10749,07/07/24 05:20:00 AM,27.272,,,
10750,07/07/24 05:30:00 AM,27.272,,,
10751,07/07/24 05:40:00 AM,27.173,,,
10752,07/07/24 05:50:00 AM,27.173,,,
10753,07/07/24 06:00:00 AM,27.075,,,
10754,07/07/24 06:10:00 AM,27.173,,,
10755,07/07/24 06:20:00 AM,27.173,,,
10756,07/07/24 06:30:00 AM,27.173,,,
10757,07/07/24 06:40:00 AM,27.173,,,
10758,07/07/24 06:50:00 AM,27.075,,,
10759,07/07/24 07:00:00 AM,27.075,,,
10760,07/07/24 07:10:00 AM,27.075,,,
10761,07/07/24 07:20:00 AM,27.075,,,
10762,07/07/24 07:30:00 AM,26.977,,,
10763,07/07/24 07:40:00 AM,26.977,,,
10764,07/07/24 07:50:00 AM,26.977,,,
10765,07/07/24 08:00:00 AM,27.075,,,
10766,07/07/24 08:10:00 AM,27.173,,,
10767,07/07/24 08:20:00 AM,27.272,,,
10768,07/07/24 08:30:00 AM,27.173,,,
10769,07/07/24 08:40:00 AM,27.173,,,
10770,07/07/24 08:50:00 AM,27.272,,,
10771,07/07/24 09:00:00 AM,27.370,,,
10772,07/07/24 09:10:00 AM,27.272,,,
10773,07/07/24 09:20:00 AM,27.272,,,
10774,07/07/24 09:30:00 AM,27.370,,,
10775,07/07/24 09:40:00 AM,27.567,,,
10776,07/07/24 09:50:00 AM,27.764,,,
10777,07/07/24 10:00:00 AM,27.961,,,
10778,07/07/24 10:10:00 AM,28.060,,,
10779,07/07/24 10:20:00 AM,28.060,,,
10780,07/07/24 10:30:00 AM,28.258,,,
10781,07/07/24 10:40:00 AM,28.357,,,
10782,07/07/24 10:50:00 AM,28.456,,,
10783,07/07/24 11:00:00 AM,28.555,,,
10784,07/07/24 11:10:00 AM,28.655,,,
10785,07/07/24 11:20:00 AM,28.754,,,
10786,07/07/24 11:30:00 AM,28.853,,,
10787,07/07/24 11:40:00 AM,28.853,,,
10788,07/07/24 11:50:00 AM,28.754,,,
10789,07/07/24 12:00:00 PM,28.853,,,
10790,07/07/24 12:10:00 PM,28.853,,,
10791,07/07/24 12:20:00 PM,28.953,,,
10792,07/07/24 12:30:00 PM,29.053,,,
10793,07/07/24 12:40:00 PM,29.152,,,
10794,07/07/24 12:50:00 PM,29.252,,,
10795,07/07/24 01:00:00 PM,29.152,,,
10796,07/07/24 01:10:00 PM,29.452,,,
10797,07/07/24 01:20:00 PM,29.352,,,
10798,07/07/24 01:30:00 PM,29.352,,,
10799,07/07/24 01:40:00 PM,29.352,,,
10800,07/07/24 01:50:00 PM,29.452,,,
10801,07/07/24 02:00:00 PM,29.452,,,
10802,07/07/24 02:10:00 PM,29.552,,,
10803,07/07/24 02:20:00 PM,29.752,,,
10804,07/07/24 02:30:00 PM,29.752,,,
10805,07/07/24 02:40:00 PM,29.652,,,
10806,07/07/24 02:50:00 PM,29.752,,,
10807,07/07/24 03:00:00 PM,29.853,,,
10808,07/07/24 03:10:00 PM,29.953,,,
10809,07/07/24 03:20:00 PM,29.853,,,
10810,07/07/24 03:30:00 PM,29.953,,,
10811,07/07/24 03:40:00 PM,29.853,,,
10812,07/07/24 03:50:00 PM,29.853,,,
10813,07/07/24 04:00:00 PM,29.752,,,
10814,07/07/24 04:10:00 PM,29.853,,,
10815,07/07/24 04:20:00 PM,29.853,,,
10816,07/07/24 04:30:00 PM,29.853,,,
10817,07/07/24 04:40:00 PM,29.853,,,
10818,07/07/24 04:50:00 PM,29.752,,,
10819,07/07/24 05:00:00 PM,29.752,,,
10820,07/07/24 05:10:00 PM,29.853,,,
10821,07/07/24 05:20:00 PM,29.853,,,
10822,07/07/24 05:30:00 PM,29.853,,,
10823,07/07/24 05:40:00 PM,29.752,,,
10824,07/07/24 05:50:00 PM,29.853,,,
10825,07/07/24 06:00:00 PM,29.853,,,
10826,07/07/24 06:10:00 PM,29.853,,,
10827,07/07/24 06:20:00 PM,29.953,,,
10828,07/07/24 06:30:00 PM,29.853,,,
10829,07/07/24 06:40:00 PM,29.853,,,
10830,07/07/24 06:50:00 PM,29.853,,,
10831,07/07/24 07:00:00 PM,29.953,,,
10832,07/07/24 07:10:00 PM,29.953,,,
10833,07/07/24 07:20:00 PM,29.853,,,
10834,07/07/24 07:30:00 PM,29.853,,,
10835,07/07/24 07:40:00 PM,29.853,,,
10836,07/07/24 07:50:00 PM,29.853,,,
10837,07/07/24 08:00:00 PM,29.853,,,
10838,07/07/24 08:10:00 PM,29.853,,,
10839,07/07/24 08:20:00 PM,29.853,,,
10840,07/07/24 08:30:00 PM,29.853,,,
10841,07/07/24 08:40:00 PM,29.853,,,
10842,07/07/24 08:50:00 PM,29.853,,,
10843,07/07/24 09:00:00 PM,29.853,,,
10844,07/07/24 09:10:00 PM,29.853,,,
10845,07/07/24 09:20:00 PM,29.853,,,
10846,07/07/24 09:30:00 PM,29.853,,,
10847,07/07/24 09:40:00 PM,29.752,,,
10848,07/07/24 09:50:00 PM,29.752,,,
10849,07/07/24 10:00:00 PM,29.652,,,
10850,07/07/24 10:10:00 PM,29.752,,,
10851,07/07/24 10:20:00 PM,29.652,,,
10852,07/07/24 10:30:00 PM,29.652,,,
10853,07/07/24 10:40:00 PM,29.552,,,
10854,07/07/24 10:50:00 PM,29.552,,,
10855,07/07/24 11:00:00 PM,29.552,,,
10856,07/07/24 11:10:00 PM,29.452,,,
10857,07/07/24 11:20:00 PM,29.252,,,
10858,07/07/24 11:30:00 PM,29.252,,,
10859,07/07/24 11:40:00 PM,29.252,,,
10860,07/07/24 11:50:00 PM,29.252,,,
10861,07/08/24 12:00:00 AM,29.252,,,
10862,07/08/24 12:10:00 AM,29.252,,,
10863,07/08/24 12:20:00 AM,29.152,,,
10864,07/08/24 12:30:00 AM,29.152,,,
10865,07/08/24 12:40:00 AM,29.053,,,
10866,07/08/24 12:50:00 AM,29.053,,,
10867,07/08/24 01:00:00 AM,28.953,,,
10868,07/08/24 01:10:00 AM,28.953,,,
10869,07/08/24 01:20:00 AM,28.853,,,
10870,07/08/24 01:30:00 AM,28.853,,,
10871,07/08/24 01:40:00 AM,28.754,,,
10872,07/08/24 01:50:00 AM,28.754,,,
10873,07/08/24 02:00:00 AM,28.853,,,
10874,07/08/24 02:10:00 AM,28.853,,,
10875,07/08/24 02:20:00 AM,28.853,,,
10876,07/08/24 02:30:00 AM,28.853,,,
10877,07/08/24 02:40:00 AM,28.853,,,
10878,07/08/24 02:50:00 AM,28.754,,,
10879,07/08/24 03:00:00 AM,28.754,,,
10880,07/08/24 03:10:00 AM,28.655,,,
10881,07/08/24 03:20:00 AM,28.655,,,
10882,07/08/24 03:30:00 AM,28.655,,,
10883,07/08/24 03:40:00 AM,28.655,,,
10884,07/08/24 03:50:00 AM,28.555,,,
10885,07/08/24 04:00:00 AM,28.655,,,
10886,07/08/24 04:10:00 AM,28.655,,,
10887,07/08/24 04:20:00 AM,28.555,,,
10888,07/08/24 04:30:00 AM,28.555,,,
10889,07/08/24 04:40:00 AM,28.456,,,
10890,07/08/24 04:50:00 AM,28.555,,,
10891,07/08/24 05:00:00 AM,28.555,,,
10892,07/08/24 05:10:00 AM,28.456,,,
10893,07/08/24 05:20:00 AM,28.555,,,
10894,07/08/24 05:30:00 AM,28.555,,,
10895,07/08/24 05:40:00 AM,28.555,,,
10896,07/08/24 05:50:00 AM,28.456,,,
10897,07/08/24 06:00:00 AM,28.456,,,
10898,07/08/24 06:10:00 AM,28.456,,,
10899,07/08/24 06:20:00 AM,28.456,,,
10900,07/08/24 06:30:00 AM,28.456,,,
10901,07/08/24 06:40:00 AM,28.357,,,
10902,07/08/24 06:50:00 AM,28.357,,,
10903,07/08/24 07:00:00 AM,28.357,,,
10904,07/08/24 07:10:00 AM,28.258,,,
10905,07/08/24 07:20:00 AM,28.258,,,
10906,07/08/24 07:30:00 AM,28.258,,,
10907,07/08/24 07:40:00 AM,28.159,,,
10908,07/08/24 07:50:00 AM,28.258,,,
10909,07/08/24 08:00:00 AM,28.258,,,
10910,07/08/24 08:10:00 AM,28.159,,,
10911,07/08/24 08:20:00 AM,28.159,,,
10912,07/08/24 08:30:00 AM,28.159,,,
10913,07/08/24 08:40:00 AM,28.258,,,
10914,07/08/24 08:50:00 AM,28.357,,,
10915,07/08/24 09:00:00 AM,28.357,,,
10916,07/08/24 09:10:00 AM,28.357,,,
10917,07/08/24 09:20:00 AM,28.258,,,
10918,07/08/24 09:30:00 AM,28.357,,,
10919,07/08/24 09:40:00 AM,28.258,,,
10920,07/08/24 09:50:00 AM,28.357,,,
10921,07/08/24 10:00:00 AM,28.456,,,
10922,07/08/24 10:10:00 AM,28.555,,,
10923,07/08/24 10:20:00 AM,28.555,,,
10924,07/08/24 10:30:00 AM,28.754,,,
10925,07/08/24 10:40:00 AM,28.754,,,
10926,07/08/24 10:50:00 AM,28.754,,,
10927,07/08/24 11:00:00 AM,28.754,,,
10928,07/08/24 11:10:00 AM,28.655,,,
10929,07/08/24 11:20:00 AM,28.655,,,
10930,07/08/24 11:30:00 AM,28.853,,,
10931,07/08/24 11:40:00 AM,28.953,,,
10932,07/08/24 11:50:00 AM,29.053,,,
10933,07/08/24 12:00:00 PM,29.152,,,
10934,07/08/24 12:10:00 PM,29.252,,,
10935,07/08/24 12:20:00 PM,29.352,,,
10936,07/08/24 12:30:00 PM,29.552,,,
10937,07/08/24 12:40:00 PM,29.853,,,
10938,07/08/24 12:50:00 PM,29.853,,,
10939,07/08/24 01:00:00 PM,29.953,,,
10940,07/08/24 01:10:00 PM,30.054,,,
10941,07/08/24 01:20:00 PM,29.953,,,
10942,07/08/24 01:30:00 PM,30.054,,,
10943,07/08/24 01:40:00 PM,30.255,,,
10944,07/08/24 01:50:00 PM,30.255,,,
10945,07/08/24 02:00:00 PM,30.154,,,
10946,07/08/24 02:10:00 PM,30.255,,,
10947,07/08/24 02:20:00 PM,29.953,,,
10948,07/08/24 02:30:00 PM,30.054,,,
10949,07/08/24 02:40:00 PM,29.853,,,
10950,07/08/24 02:50:00 PM,29.853,,,
10951,07/08/24 03:00:00 PM,29.853,,,
10952,07/08/24 03:10:00 PM,29.853,,,
10953,07/08/24 03:20:00 PM,29.752,,,
10954,07/08/24 03:30:00 PM,29.853,,,
10955,07/08/24 03:40:00 PM,30.054,,,
10956,07/08/24 03:50:00 PM,30.154,,,
10957,07/08/24 04:00:00 PM,30.154,,,
10958,07/08/24 04:10:00 PM,30.154,,,
10959,07/08/24 04:20:00 PM,30.054,,,
10960,07/08/24 04:30:00 PM,30.255,,,
10961,07/08/24 04:40:00 PM,30.558,,,
10962,07/08/24 04:50:00 PM,30.659,,,
10963,07/08/24 05:00:00 PM,30.457,,,
10964,07/08/24 05:10:00 PM,30.255,,,
10965,07/08/24 05:20:00 PM,30.054,,,
10966,07/08/24 05:30:00 PM,30.054,,,
10967,07/08/24 05:40:00 PM,30.054,,,
10968,07/08/24 05:50:00 PM,29.853,,,
10969,07/08/24 06:00:00 PM,29.953,,,
10970,07/08/24 06:10:00 PM,29.953,,,
10971,07/08/24 06:20:00 PM,29.953,,,
10972,07/08/24 06:30:00 PM,29.853,,,
10973,07/08/24 06:40:00 PM,29.853,,,
10974,07/08/24 06:50:00 PM,29.652,,,
10975,07/08/24 07:00:00 PM,29.652,,,
10976,07/08/24 07:10:00 PM,29.652,,,
10977,07/08/24 07:20:00 PM,29.652,,,
10978,07/08/24 07:30:00 PM,29.752,,,
10979,07/08/24 07:40:00 PM,29.953,,,
10980,07/08/24 07:50:00 PM,30.054,,,
10981,07/08/24 08:00:00 PM,30.255,,,
10982,07/08/24 08:10:00 PM,30.356,,,
10983,07/08/24 08:20:00 PM,30.457,,,
10984,07/08/24 08:30:00 PM,30.457,,,
10985,07/08/24 08:40:00 PM,30.457,,,
10986,07/08/24 08:50:00 PM,30.457,,,
10987,07/08/24 09:00:00 PM,30.558,,,
10988,07/08/24 09:10:00 PM,30.558,,,
10989,07/08/24 09:20:00 PM,30.659,,,
10990,07/08/24 09:30:00 PM,30.558,,,
10991,07/08/24 09:40:00 PM,30.054,,,
10992,07/08/24 09:50:00 PM,29.652,,,
10993,07/08/24 10:00:00 PM,29.652,,,
10994,07/08/24 10:10:00 PM,29.652,,,
10995,07/08/24 10:20:00 PM,29.652,,,
10996,07/08/24 10:30:00 PM,29.552,,,
10997,07/08/24 10:40:00 PM,29.452,,,
10998,07/08/24 10:50:00 PM,29.352,,,
10999,07/08/24 11:00:00 PM,29.352,,,
11000,07/08/24 11:10:00 PM,29.352,,,
11001,07/08/24 11:20:00 PM,29.252,,,
11002,07/08/24 11:30:00 PM,29.252,,,
11003,07/08/24 11:40:00 PM,29.252,,,
11004,07/08/24 11:50:00 PM,29.252,,,
11005,07/09/24 12:00:00 AM,29.252,,,
11006,07/09/24 12:10:00 AM,29.252,,,
11007,07/09/24 12:20:00 AM,29.252,,,
11008,07/09/24 12:30:00 AM,29.252,,,
11009,07/09/24 12:40:00 AM,29.252,,,
11010,07/09/24 12:50:00 AM,29.252,,,
11011,07/09/24 01:00:00 AM,29.252,,,
11012,07/09/24 01:10:00 AM,29.252,,,
11013,07/09/24 01:20:00 AM,29.252,,,
11014,07/09/24 01:30:00 AM,29.252,,,
11015,07/09/24 01:40:00 AM,29.252,,,
11016,07/09/24 01:50:00 AM,29.152,,,
11017,07/09/24 02:00:00 AM,29.152,,,
11018,07/09/24 02:10:00 AM,29.152,,,
11019,07/09/24 02:20:00 AM,29.152,,,
11020,07/09/24 02:30:00 AM,29.152,,,
11021,07/09/24 02:40:00 AM,29.152,,,
11022,07/09/24 02:50:00 AM,29.152,,,
11023,07/09/24 03:00:00 AM,29.053,,,
11024,07/09/24 03:10:00 AM,29.053,,,
11025,07/09/24 03:20:00 AM,29.053,,,
11026,07/09/24 03:30:00 AM,29.053,,,
11027,07/09/24 03:40:00 AM,29.053,,,
11028,07/09/24 03:50:00 AM,29.053,,,
11029,07/09/24 04:00:00 AM,28.953,,,
11030,07/09/24 04:10:00 AM,28.953,,,
11031,07/09/24 04:20:00 AM,28.953,,,
11032,07/09/24 04:30:00 AM,28.953,,,
11033,07/09/24 04:40:00 AM,28.953,,,
11034,07/09/24 04:50:00 AM,28.953,,,
11035,07/09/24 05:00:00 AM,28.853,,,
11036,07/09/24 05:10:00 AM,28.953,,,
11037,07/09/24 05:20:00 AM,28.853,,,
11038,07/09/24 05:30:00 AM,28.853,,,
11039,07/09/24 05:40:00 AM,28.953,,,
11040,07/09/24 05:50:00 AM,28.853,,,
11041,07/09/24 06:00:00 AM,28.853,,,
11042,07/09/24 06:10:00 AM,28.853,,,
11043,07/09/24 06:20:00 AM,28.853,,,
11044,07/09/24 06:30:00 AM,28.853,,,
11045,07/09/24 06:40:00 AM,28.853,,,
11046,07/09/24 06:50:00 AM,28.853,,,
11047,07/09/24 07:00:00 AM,28.853,,,
11048,07/09/24 07:10:00 AM,28.853,,,
11049,07/09/24 07:20:00 AM,28.754,,,
11050,07/09/24 07:30:00 AM,28.754,,,
11051,07/09/24 07:40:00 AM,28.754,,,
11052,07/09/24 07:50:00 AM,28.754,,,
11053,07/09/24 08:00:00 AM,28.754,,,
11054,07/09/24 08:10:00 AM,28.754,,,
11055,07/09/24 08:20:00 AM,28.754,,,
11056,07/09/24 08:30:00 AM,28.754,,,
11057,07/09/24 08:40:00 AM,28.754,,,
11058,07/09/24 08:50:00 AM,28.754,,,
11059,07/09/24 09:00:00 AM,28.754,,,
11060,07/09/24 09:10:00 AM,28.754,,,
11061,07/09/24 09:20:00 AM,28.853,,,
11062,07/09/24 09:30:00 AM,28.853,,,
11063,07/09/24 09:40:00 AM,28.853,,,
11064,07/09/24 09:50:00 AM,28.754,,,
11065,07/09/24 10:00:00 AM,28.853,,,
11066,07/09/24 10:10:00 AM,28.953,,,
11067,07/09/24 10:20:00 AM,29.053,,,
11068,07/09/24 10:30:00 AM,29.152,,,
11069,07/09/24 10:40:00 AM,29.152,,,
11070,07/09/24 10:50:00 AM,29.252,,,
11071,07/09/24 11:00:00 AM,29.352,,,
11072,07/09/24 11:10:00 AM,29.452,,,
11073,07/09/24 11:20:00 AM,29.452,,,
11074,07/09/24 11:30:00 AM,29.552,,,
11075,07/09/24 11:40:00 AM,29.652,,,
11076,07/09/24 11:50:00 AM,29.853,,,
11077,07/09/24 12:00:00 PM,29.953,,,
11078,07/09/24 12:10:00 PM,29.953,,,
11079,07/09/24 12:20:00 PM,29.853,,,
11080,07/09/24 12:30:00 PM,29.853,,,
11081,07/09/24 12:40:00 PM,29.853,,,
11082,07/09/24 12:50:00 PM,29.953,,,
11083,07/09/24 01:00:00 PM,29.953,,,
11084,07/09/24 01:10:00 PM,29.652,,,
11085,07/09/24 01:20:00 PM,29.853,,,
11086,07/09/24 01:30:00 PM,29.853,,,
11087,07/09/24 01:40:00 PM,29.853,,,
11088,07/09/24 01:50:00 PM,29.953,,,
11089,07/09/24 02:00:00 PM,30.054,,,
11090,07/09/24 02:10:00 PM,30.255,,,
11091,07/09/24 02:20:00 PM,30.457,,,
11092,07/09/24 02:30:00 PM,30.862,,,
11093,07/09/24 02:40:00 PM,30.862,,,
11094,07/09/24 02:50:00 PM,31.064,,,
11095,07/09/24 03:00:00 PM,31.166,,,
11096,07/09/24 03:10:00 PM,31.472,,,
11097,07/09/24 03:20:00 PM,31.574,,,
11098,07/09/24 03:30:00 PM,31.880,,,
11099,07/09/24 03:40:00 PM,31.574,,,
11100,07/09/24 03:50:00 PM,31.370,,,
11101,07/09/24 04:00:00 PM,31.676,,,
11102,07/09/24 04:10:00 PM,31.268,,,
11103,07/09/24 04:20:00 PM,31.472,,,
11104,07/09/24 04:30:00 PM,31.472,,,
11105,07/09/24 04:40:00 PM,31.574,,,
11106,07/09/24 04:50:00 PM,31.574,,,
11107,07/09/24 05:00:00 PM,31.676,,,
11108,07/09/24 05:10:00 PM,31.574,,,
11109,07/09/24 05:20:00 PM,31.472,,,
11110,07/09/24 05:30:00 PM,31.370,,,
11111,07/09/24 05:40:00 PM,31.268,,,
11112,07/09/24 05:50:00 PM,31.472,,,
11113,07/09/24 06:00:00 PM,31.472,,,
11114,07/09/24 06:10:00 PM,31.268,,,
11115,07/09/24 06:20:00 PM,31.064,,,
11116,07/09/24 06:30:00 PM,30.862,,,
11117,07/09/24 06:40:00 PM,30.862,,,
11118,07/09/24 06:50:00 PM,30.862,,,
11119,07/09/24 07:00:00 PM,30.659,,,
11120,07/09/24 07:10:00 PM,30.558,,,
11121,07/09/24 07:20:00 PM,30.356,,,
11122,07/09/24 07:30:00 PM,30.255,,,
11123,07/09/24 07:40:00 PM,30.154,,,
11124,07/09/24 07:50:00 PM,30.054,,,
11125,07/09/24 08:00:00 PM,29.953,,,
11126,07/09/24 08:10:00 PM,29.853,,,
11127,07/09/24 08:20:00 PM,29.752,,,
11128,07/09/24 08:30:00 PM,29.652,,,
11129,07/09/24 08:40:00 PM,29.652,,,
11130,07/09/24 08:50:00 PM,29.652,,,
11131,07/09/24 09:00:00 PM,29.652,,,
11132,07/09/24 09:10:00 PM,29.652,,,
11133,07/09/24 09:20:00 PM,29.552,,,
11134,07/09/24 09:30:00 PM,29.552,,,
11135,07/09/24 09:40:00 PM,29.552,,,
11136,07/09/24 09:50:00 PM,29.552,,,
11137,07/09/24 10:00:00 PM,29.652,,,
11138,07/09/24 10:10:00 PM,29.652,,,
11139,07/09/24 10:20:00 PM,29.652,,,
11140,07/09/24 10:30:00 PM,29.652,,,
11141,07/09/24 10:40:00 PM,29.652,,,
11142,07/09/24 10:50:00 PM,29.652,,,
11143,07/09/24 11:00:00 PM,29.652,,,
11144,07/09/24 11:10:00 PM,29.652,,,
11145,07/09/24 11:20:00 PM,29.652,,,
11146,07/09/24 11:30:00 PM,29.552,,,
11147,07/09/24 11:40:00 PM,29.552,,,
11148,07/09/24 11:50:00 PM,29.552,,,
11149,07/10/24 12:00:00 AM,29.552,,,
11150,07/10/24 12:10:00 AM,29.552,,,
11151,07/10/24 12:20:00 AM,29.552,,,
11152,07/10/24 12:30:00 AM,29.452,,,
11153,07/10/24 12:40:00 AM,29.452,,,
11154,07/10/24 12:50:00 AM,29.452,,,
11155,07/10/24 01:00:00 AM,29.452,,,
11156,07/10/24 01:10:00 AM,29.452,,,
11157,07/10/24 01:20:00 AM,29.452,,,
11158,07/10/24 01:30:00 AM,29.452,,,
11159,07/10/24 01:40:00 AM,29.352,,,
11160,07/10/24 01:50:00 AM,29.352,,,
11161,07/10/24 02:00:00 AM,29.352,,,
11162,07/10/24 02:10:00 AM,29.352,,,
11163,07/10/24 02:20:00 AM,29.252,,,
11164,07/10/24 02:30:00 AM,29.352,,,
11165,07/10/24 02:40:00 AM,29.252,,,
11166,07/10/24 02:50:00 AM,29.352,,,
11167,07/10/24 03:00:00 AM,29.252,,,
11168,07/10/24 03:10:00 AM,29.252,,,
11169,07/10/24 03:20:00 AM,29.252,,,
11170,07/10/24 03:30:00 AM,29.252,,,
11171,07/10/24 03:40:00 AM,29.252,,,
11172,07/10/24 03:50:00 AM,29.252,,,
11173,07/10/24 04:00:00 AM,29.252,,,
11174,07/10/24 04:10:00 AM,29.252,,,
11175,07/10/24 04:20:00 AM,29.252,,,
11176,07/10/24 04:30:00 AM,29.152,,,
11177,07/10/24 04:40:00 AM,29.152,,,
11178,07/10/24 04:50:00 AM,29.152,,,
11179,07/10/24 05:00:00 AM,29.152,,,
11180,07/10/24 05:10:00 AM,29.152,,,
11181,07/10/24 05:20:00 AM,29.053,,,
11182,07/10/24 05:30:00 AM,29.053,,,
11183,07/10/24 05:40:00 AM,29.152,,,
11184,07/10/24 05:50:00 AM,29.053,,,
11185,07/10/24 06:00:00 AM,28.953,,,
11186,07/10/24 06:10:00 AM,29.053,,,
11187,07/10/24 06:20:00 AM,29.053,,,
11188,07/10/24 06:30:00 AM,28.953,,,
11189,07/10/24 06:40:00 AM,29.053,,,
11190,07/10/24 06:50:00 AM,28.953,,,
11191,07/10/24 07:00:00 AM,28.853,,,
11192,07/10/24 07:10:00 AM,28.953,,,
11193,07/10/24 07:20:00 AM,28.853,,,
11194,07/10/24 07:30:00 AM,28.853,,,
11195,07/10/24 07:40:00 AM,28.853,,,
11196,07/10/24 07:50:00 AM,28.853,,,
11197,07/10/24 08:00:00 AM,28.853,,,
11198,07/10/24 08:10:00 AM,28.853,,,
11199,07/10/24 08:20:00 AM,28.853,,,
11200,07/10/24 08:30:00 AM,28.754,,,
11201,07/10/24 08:40:00 AM,28.754,,,
11202,07/10/24 08:50:00 AM,28.853,,,
11203,07/10/24 09:00:00 AM,28.853,,,
11204,07/10/24 09:10:00 AM,28.754,,,
11205,07/10/24 09:20:00 AM,28.754,,,
11206,07/10/24 09:30:00 AM,28.754,,,
11207,07/10/24 09:40:00 AM,28.853,,,
11208,07/10/24 09:50:00 AM,28.853,,,
11209,07/10/24 10:00:00 AM,28.853,,,
11210,07/10/24 10:10:00 AM,28.853,,,
11211,07/10/24 10:20:00 AM,28.953,,,
11212,07/10/24 10:30:00 AM,29.053,,,
11213,07/10/24 10:40:00 AM,28.953,,,
11214,07/10/24 10:50:00 AM,29.152,,,
11215,07/10/24 11:00:00 AM,29.252,,,
11216,07/10/24 11:10:00 AM,29.252,,,
11217,07/10/24 11:20:00 AM,29.252,,,
11218,07/10/24 11:30:00 AM,29.452,,,
11219,07/10/24 11:40:00 AM,29.552,,,
11220,07/10/24 11:50:00 AM,29.452,,,
11221,07/10/24 12:00:00 PM,29.352,,,
11222,07/10/24 12:10:00 PM,29.252,,,
11223,07/10/24 12:20:00 PM,29.252,,,
11224,07/10/24 12:30:00 PM,29.552,,,
11225,07/10/24 12:40:00 PM,29.352,,,
11226,07/10/24 12:50:00 PM,29.352,,,
11227,07/10/24 01:00:00 PM,29.252,,,
11228,07/10/24 01:10:00 PM,29.352,,,
11229,07/10/24 01:20:00 PM,29.452,,,
11230,07/10/24 01:30:00 PM,29.552,,,
11231,07/10/24 01:40:00 PM,29.452,,,
11232,07/10/24 01:50:00 PM,29.652,,,
11233,07/10/24 02:00:00 PM,29.652,,,
11234,07/10/24 02:10:00 PM,29.652,,,
11235,07/10/24 02:20:00 PM,29.552,,,
11236,07/10/24 02:30:00 PM,29.652,,,
11237,07/10/24 02:40:00 PM,29.853,,,
11238,07/10/24 02:50:00 PM,29.853,,,
11239,07/10/24 03:00:00 PM,29.953,,,
11240,07/10/24 03:10:00 PM,29.853,,,
11241,07/10/24 03:20:00 PM,29.953,,,
11242,07/10/24 03:30:00 PM,29.853,,,
11243,07/10/24 03:40:00 PM,29.953,,,
11244,07/10/24 03:50:00 PM,29.853,,,
11245,07/10/24 04:00:00 PM,29.853,,,
11246,07/10/24 04:10:00 PM,29.853,,,
11247,07/10/24 04:20:00 PM,29.853,,,
11248,07/10/24 04:30:00 PM,29.752,,,
11249,07/10/24 04:40:00 PM,29.752,,,
11250,07/10/24 04:50:00 PM,29.853,,,
11251,07/10/24 05:00:00 PM,29.752,,,
11252,07/10/24 05:10:00 PM,29.752,,,
11253,07/10/24 05:20:00 PM,29.652,,,
11254,07/10/24 05:30:00 PM,29.652,,,
11255,07/10/24 05:40:00 PM,29.652,,,
11256,07/10/24 05:50:00 PM,29.552,,,
11257,07/10/24 06:00:00 PM,29.552,,,
11258,07/10/24 06:10:00 PM,29.552,,,
11259,07/10/24 06:20:00 PM,29.552,,,
11260,07/10/24 06:30:00 PM,29.452,,,
11261,07/10/24 06:40:00 PM,29.452,,,
11262,07/10/24 06:50:00 PM,29.452,,,
11263,07/10/24 07:00:00 PM,29.352,,,
11264,07/10/24 07:10:00 PM,29.252,,,
11265,07/10/24 07:20:00 PM,29.252,,,
11266,07/10/24 07:30:00 PM,29.252,,,
11267,07/10/24 07:40:00 PM,29.152,,,
11268,07/10/24 07:50:00 PM,29.152,,,
11269,07/10/24 08:00:00 PM,29.053,,,
11270,07/10/24 08:10:00 PM,29.053,,,
11271,07/10/24 08:20:00 PM,29.053,,,
11272,07/10/24 08:30:00 PM,29.053,,,
11273,07/10/24 08:40:00 PM,28.953,,,
11274,07/10/24 08:50:00 PM,29.053,,,
11275,07/10/24 09:00:00 PM,28.953,,,
11276,07/10/24 09:10:00 PM,28.953,,,
11277,07/10/24 09:20:00 PM,28.953,,,
11278,07/10/24 09:30:00 PM,28.953,,,
11279,07/10/24 09:40:00 PM,28.853,,,
11280,07/10/24 09:50:00 PM,28.853,,,
11281,07/10/24 10:00:00 PM,28.853,,,
11282,07/10/24 10:10:00 PM,28.853,,,
11283,07/10/24 10:20:00 PM,28.754,,,
11284,07/10/24 10:30:00 PM,28.754,,,
11285,07/10/24 10:40:00 PM,28.754,,,
11286,07/10/24 10:50:00 PM,28.754,,,
11287,07/10/24 11:00:00 PM,28.754,,,
11288,07/10/24 11:10:00 PM,28.655,,,
11289,07/10/24 11:20:00 PM,28.655,,,
11290,07/10/24 11:30:00 PM,28.655,,,
11291,07/10/24 11:40:00 PM,28.555,,,
11292,07/10/24 11:50:00 PM,28.456,,,
11293,07/11/24 12:00:00 AM,28.357,,,
11294,07/11/24 12:10:00 AM,28.357,,,
11295,07/11/24 12:20:00 AM,28.258,,,
11296,07/11/24 12:30:00 AM,28.159,,,
11297,07/11/24 12:40:00 AM,28.060,,,
11298,07/11/24 12:50:00 AM,27.961,,,
11299,07/11/24 01:00:00 AM,27.764,,,
11300,07/11/24 01:10:00 AM,27.764,,,
11301,07/11/24 01:20:00 AM,27.665,,,
11302,07/11/24 01:30:00 AM,27.764,,,
11303,07/11/24 01:40:00 AM,27.665,,,
11304,07/11/24 01:50:00 AM,27.665,,,
11305,07/11/24 02:00:00 AM,27.665,,,
11306,07/11/24 02:10:00 AM,27.665,,,
11307,07/11/24 02:20:00 AM,27.665,,,
11308,07/11/24 02:30:00 AM,27.567,,,
11309,07/11/24 02:40:00 AM,27.468,,,
11310,07/11/24 02:50:00 AM,27.468,,,
11311,07/11/24 03:00:00 AM,27.370,,,
11312,07/11/24 03:10:00 AM,27.370,,,
11313,07/11/24 03:20:00 AM,27.468,,,
11314,07/11/24 03:30:00 AM,27.272,,,
11315,07/11/24 03:40:00 AM,27.272,,,
11316,07/11/24 03:50:00 AM,27.173,,,
11317,07/11/24 04:00:00 AM,27.173,,,
11318,07/11/24 04:10:00 AM,27.272,,,
11319,07/11/24 04:20:00 AM,27.075,,,
11320,07/11/24 04:30:00 AM,27.075,,,
11321,07/11/24 04:40:00 AM,27.075,,,
11322,07/11/24 04:50:00 AM,26.977,,,
11323,07/11/24 05:00:00 AM,26.977,,,
11324,07/11/24 05:10:00 AM,27.173,,,
11325,07/11/24 05:20:00 AM,27.173,,,
11326,07/11/24 05:30:00 AM,27.173,,,
11327,07/11/24 05:40:00 AM,27.272,,,
11328,07/11/24 05:50:00 AM,27.173,,,
11329,07/11/24 06:00:00 AM,27.075,,,
11330,07/11/24 06:10:00 AM,27.075,,,
11331,07/11/24 06:20:00 AM,26.683,,,
11332,07/11/24 06:30:00 AM,26.977,,,
11333,07/11/24 06:40:00 AM,26.977,,,
11334,07/11/24 06:50:00 AM,26.977,,,
11335,07/11/24 07:00:00 AM,26.977,,,
11336,07/11/24 07:10:00 AM,26.977,,,
11337,07/11/24 07:20:00 AM,26.977,,,
11338,07/11/24 07:30:00 AM,26.879,,,
11339,07/11/24 07:40:00 AM,26.781,,,
11340,07/11/24 07:50:00 AM,26.879,,,
11341,07/11/24 08:00:00 AM,26.977,,,
11342,07/11/24 08:10:00 AM,26.977,,,
11343,07/11/24 08:20:00 AM,27.075,,,
11344,07/11/24 08:30:00 AM,27.075,,,
11345,07/11/24 08:40:00 AM,27.173,,,
11346,07/11/24 08:50:00 AM,27.272,,,
11347,07/11/24 09:00:00 AM,27.272,,,
11348,07/11/24 09:10:00 AM,27.468,,,
11349,07/11/24 09:20:00 AM,27.468,,,
11350,07/11/24 09:30:00 AM,27.665,,,
11351,07/11/24 09:40:00 AM,27.665,,,
11352,07/11/24 09:50:00 AM,27.764,,,
11353,07/11/24 10:00:00 AM,27.665,,,
11354,07/11/24 10:10:00 AM,27.764,,,
11355,07/11/24 10:20:00 AM,27.961,,,
11356,07/11/24 10:30:00 AM,27.961,,,
11357,07/11/24 10:40:00 AM,28.060,,,
11358,07/11/24 10:50:00 AM,28.555,,,
11359,07/11/24 11:00:00 AM,28.754,,,
11360,07/11/24 11:10:00 AM,28.456,,,
11361,07/11/24 11:20:00 AM,28.655,,,
11362,07/11/24 11:30:00 AM,28.853,,,
11363,07/11/24 11:40:00 AM,28.953,,,
11364,07/11/24 11:50:00 AM,28.853,,,
11365,07/11/24 12:00:00 PM,29.053,,,
11366,07/11/24 12:10:00 PM,29.152,,,
11367,07/11/24 12:20:00 PM,29.252,,,
11368,07/11/24 12:30:00 PM,29.252,,,
11369,07/11/24 12:40:00 PM,29.352,,,
11370,07/11/24 12:50:00 PM,29.352,,,
11371,07/11/24 01:00:00 PM,29.352,,,
11372,07/11/24 01:10:00 PM,29.552,,,
11373,07/11/24 01:20:00 PM,29.452,,,
11374,07/11/24 01:30:00 PM,29.552,,,
11375,07/11/24 01:40:00 PM,29.652,,,
11376,07/11/24 01:50:00 PM,29.652,,,
11377,07/11/24 02:00:00 PM,29.652,,,
11378,07/11/24 02:10:00 PM,29.853,,,
11379,07/11/24 02:20:00 PM,29.853,,,
11380,07/11/24 02:30:00 PM,29.953,,,
11381,07/11/24 02:40:00 PM,29.953,,,
11382,07/11/24 02:50:00 PM,29.953,,,
11383,07/11/24 03:00:00 PM,30.054,,,
11384,07/11/24 03:10:00 PM,29.953,,,
11385,07/11/24 03:20:00 PM,29.853,,,
11386,07/11/24 03:30:00 PM,29.953,,,
11387,07/11/24 03:40:00 PM,30.054,,,
11388,07/11/24 03:50:00 PM,29.953,,,
11389,07/11/24 04:00:00 PM,30.054,,,
11390,07/11/24 04:10:00 PM,30.054,,,
11391,07/11/24 04:20:00 PM,30.154,,,
11392,07/11/24 04:30:00 PM,30.255,,,
11393,07/11/24 04:40:00 PM,30.255,,,
11394,07/11/24 04:50:00 PM,30.255,,,
11395,07/11/24 05:00:00 PM,30.457,,,
11396,07/11/24 05:10:00 PM,30.558,,,
11397,07/11/24 05:20:00 PM,30.558,,,
11398,07/11/24 05:30:00 PM,30.558,,,
11399,07/11/24 05:40:00 PM,30.457,,,
11400,07/11/24 05:50:00 PM,30.558,,,
11401,07/11/24 06:00:00 PM,30.457,,,
11402,07/11/24 06:10:00 PM,30.457,,,
11403,07/11/24 06:20:00 PM,30.558,,,
11404,07/11/24 06:30:00 PM,30.558,,,
11405,07/11/24 06:40:00 PM,30.457,,,
11406,07/11/24 06:50:00 PM,30.457,,,
11407,07/11/24 07:00:00 PM,30.457,,,
11408,07/11/24 07:10:00 PM,30.356,,,
11409,07/11/24 07:20:00 PM,30.356,,,
11410,07/11/24 07:30:00 PM,30.356,,,
11411,07/11/24 07:40:00 PM,30.356,,,
11412,07/11/24 07:50:00 PM,30.356,,,
11413,07/11/24 08:00:00 PM,30.356,,,
11414,07/11/24 08:10:00 PM,30.356,,,
11415,07/11/24 08:20:00 PM,30.255,,,
11416,07/11/24 08:30:00 PM,30.255,,,
11417,07/11/24 08:40:00 PM,30.255,,,
11418,07/11/24 08:50:00 PM,30.255,,,
11419,07/11/24 09:00:00 PM,30.154,,,
11420,07/11/24 09:10:00 PM,30.154,,,
11421,07/11/24 09:20:00 PM,30.154,,,
11422,07/11/24 09:30:00 PM,30.154,,,
11423,07/11/24 09:40:00 PM,30.054,,,
11424,07/11/24 09:50:00 PM,30.054,,,
11425,07/11/24 10:00:00 PM,30.054,,,
11426,07/11/24 10:10:00 PM,30.054,,,
11427,07/11/24 10:20:00 PM,30.054,,,
11428,07/11/24 10:30:00 PM,29.953,,,
11429,07/11/24 10:40:00 PM,29.953,,,
11430,07/11/24 10:50:00 PM,29.953,,,
11431,07/11/24 11:00:00 PM,29.853,,,
11432,07/11/24 11:10:00 PM,29.853,,,
11433,07/11/24 11:20:00 PM,29.752,,,
11434,07/11/24 11:30:00 PM,29.652,,,
11435,07/11/24 11:40:00 PM,29.652,,,
11436,07/11/24 11:50:00 PM,29.652,,,
11437,07/12/24 12:00:00 AM,29.552,,,
11438,07/12/24 12:10:00 AM,29.452,,,
11439,07/12/24 12:20:00 AM,29.452,,,
11440,07/12/24 12:30:00 AM,29.452,,,
11441,07/12/24 12:40:00 AM,29.452,,,
11442,07/12/24 12:50:00 AM,29.352,,,
11443,07/12/24 01:00:00 AM,29.352,,,
11444,07/12/24 01:10:00 AM,29.252,,,
11445,07/12/24 01:20:00 AM,29.252,,,
11446,07/12/24 01:30:00 AM,29.352,,,
11447,07/12/24 01:40:00 AM,29.252,,,
11448,07/12/24 01:50:00 AM,29.252,,,
11449,07/12/24 02:00:00 AM,29.152,,,
11450,07/12/24 02:10:00 AM,29.152,,,
11451,07/12/24 02:20:00 AM,29.053,,,
11452,07/12/24 02:30:00 AM,28.853,,,
11453,07/12/24 02:40:00 AM,28.853,,,
11454,07/12/24 02:50:00 AM,28.754,,,
11455,07/12/24 03:00:00 AM,28.655,,,
11456,07/12/24 03:10:00 AM,28.655,,,
11457,07/12/24 03:20:00 AM,28.655,,,
11458,07/12/24 03:30:00 AM,28.555,,,
11459,07/12/24 03:40:00 AM,28.655,,,
11460,07/12/24 03:50:00 AM,28.754,,,
11461,07/12/24 04:00:00 AM,28.655,,,
11462,07/12/24 04:10:00 AM,28.655,,,
11463,07/12/24 04:20:00 AM,28.555,,,
11464,07/12/24 04:30:00 AM,28.357,,,
11465,07/12/24 04:40:00 AM,28.456,,,
11466,07/12/24 04:50:00 AM,28.357,,,
11467,07/12/24 05:00:00 AM,28.357,,,
11468,07/12/24 05:10:00 AM,28.258,,,
11469,07/12/24 05:20:00 AM,28.258,,,
11470,07/12/24 05:30:00 AM,28.159,,,
11471,07/12/24 05:40:00 AM,28.159,,,
11472,07/12/24 05:50:00 AM,28.258,,,
11473,07/12/24 06:00:00 AM,28.159,,,
11474,07/12/24 06:10:00 AM,28.258,,,
11475,07/12/24 06:20:00 AM,28.159,,,
11476,07/12/24 06:30:00 AM,28.258,,,
11477,07/12/24 06:40:00 AM,28.258,,,
11478,07/12/24 06:50:00 AM,28.258,,,
11479,07/12/24 07:00:00 AM,28.258,,,
11480,07/12/24 07:10:00 AM,28.258,,,
11481,07/12/24 07:20:00 AM,28.060,,,
11482,07/12/24 07:30:00 AM,28.258,,,
11483,07/12/24 07:40:00 AM,28.159,,,
11484,07/12/24 07:50:00 AM,28.258,,,
11485,07/12/24 08:00:00 AM,28.258,,,
11486,07/12/24 08:10:00 AM,28.258,,,
11487,07/12/24 08:20:00 AM,28.159,,,
11488,07/12/24 08:30:00 AM,28.258,,,
11489,07/12/24 08:40:00 AM,28.258,,,
11490,07/12/24 08:50:00 AM,28.258,,,
11491,07/12/24 09:00:00 AM,28.357,,,
11492,07/12/24 09:10:00 AM,28.357,,,
11493,07/12/24 09:20:00 AM,28.555,,,
11494,07/12/24 09:30:00 AM,28.555,,,
11495,07/12/24 09:40:00 AM,28.655,,,
11496,07/12/24 09:50:00 AM,28.655,,,
11497,07/12/24 10:00:00 AM,28.655,,,
11498,07/12/24 10:10:00 AM,28.456,,,
11499,07/12/24 10:20:00 AM,28.655,,,
11500,07/12/24 10:30:00 AM,28.655,,,
11501,07/12/24 10:40:00 AM,28.555,,,
11502,07/12/24 10:50:00 AM,28.655,,,
11503,07/12/24 11:00:00 AM,28.655,,,
11504,07/12/24 11:10:00 AM,28.655,,,
11505,07/12/24 11:20:00 AM,28.655,,,
11506,07/12/24 11:30:00 AM,28.655,,,
11507,07/12/24 11:40:00 AM,28.754,,,
11508,07/12/24 11:50:00 AM,28.754,,,
11509,07/12/24 12:00:00 PM,28.853,,,
11510,07/12/24 12:10:00 PM,28.853,,,
11511,07/12/24 12:20:00 PM,28.953,,,
11512,07/12/24 12:30:00 PM,28.853,,,
11513,07/12/24 12:40:00 PM,29.053,,,
11514,07/12/24 12:50:00 PM,29.152,,,
11515,07/12/24 01:00:00 PM,29.252,,,
11516,07/12/24 01:10:00 PM,29.252,,,
11517,07/12/24 01:20:00 PM,29.352,,,
11518,07/12/24 01:30:00 PM,29.352,,,
11519,07/12/24 01:40:00 PM,29.552,,,
11520,07/12/24 01:50:00 PM,29.652,,,
11521,07/12/24 02:00:00 PM,29.352,,,
11522,07/12/24 02:10:00 PM,29.752,,,
11523,07/12/24 02:20:00 PM,29.552,,,
11524,07/12/24 02:30:00 PM,29.752,,,
11525,07/12/24 02:40:00 PM,30.054,,,
11526,07/12/24 02:50:00 PM,30.154,,,
11527,07/12/24 03:00:00 PM,29.953,,,
11528,07/12/24 03:10:00 PM,29.953,,,
11529,07/12/24 03:20:00 PM,30.255,,,
11530,07/12/24 03:30:00 PM,30.054,,,
11531,07/12/24 03:40:00 PM,30.154,,,
11532,07/12/24 03:50:00 PM,30.154,,,
11533,07/12/24 04:00:00 PM,30.154,,,
11534,07/12/24 04:10:00 PM,30.255,,,
11535,07/12/24 04:20:00 PM,30.255,,,
11536,07/12/24 04:30:00 PM,30.154,,,
11537,07/12/24 04:40:00 PM,29.953,,,
11538,07/12/24 04:50:00 PM,30.054,,,
11539,07/12/24 05:00:00 PM,30.054,,,
11540,07/12/24 05:10:00 PM,30.054,,,
11541,07/12/24 05:20:00 PM,30.054,,,
11542,07/12/24 05:30:00 PM,30.054,,,
11543,07/12/24 05:40:00 PM,30.054,,,
11544,07/12/24 05:50:00 PM,29.953,,,
11545,07/12/24 06:00:00 PM,30.054,,,
11546,07/12/24 06:10:00 PM,29.953,,,
11547,07/12/24 06:20:00 PM,30.054,,,
11548,07/12/24 06:30:00 PM,29.953,,,
11549,07/12/24 06:40:00 PM,29.953,,,
11550,07/12/24 06:50:00 PM,29.953,,,
11551,07/12/24 07:00:00 PM,29.953,,,
11552,07/12/24 07:10:00 PM,29.953,,,
11553,07/12/24 07:20:00 PM,29.953,,,
11554,07/12/24 07:30:00 PM,30.054,,,
11555,07/12/24 07:40:00 PM,30.054,,,
11556,07/12/24 07:50:00 PM,29.953,,,
11557,07/12/24 08:00:00 PM,29.853,,,
11558,07/12/24 08:10:00 PM,29.853,,,
11559,07/12/24 08:20:00 PM,29.853,,,
11560,07/12/24 08:30:00 PM,29.853,,,
11561,07/12/24 08:40:00 PM,29.853,,,
11562,07/12/24 08:50:00 PM,29.752,,,
11563,07/12/24 09:00:00 PM,29.752,,,
11564,07/12/24 09:10:00 PM,29.752,,,
11565,07/12/24 09:20:00 PM,29.752,,,
11566,07/12/24 09:30:00 PM,29.652,,,
11567,07/12/24 09:40:00 PM,29.652,,,
11568,07/12/24 09:50:00 PM,29.652,,,
11569,07/12/24 10:00:00 PM,29.652,,,
11570,07/12/24 10:10:00 PM,29.652,,,
11571,07/12/24 10:20:00 PM,29.652,,,
11572,07/12/24 10:30:00 PM,29.552,,,
11573,07/12/24 10:40:00 PM,29.552,,,
11574,07/12/24 10:50:00 PM,29.452,,,
11575,07/12/24 11:00:00 PM,29.452,,,
11576,07/12/24 11:10:00 PM,29.452,,,
11577,07/12/24 11:20:00 PM,29.452,,,
11578,07/12/24 11:30:00 PM,29.252,,,
11579,07/12/24 11:40:00 PM,29.252,,,
11580,07/12/24 11:50:00 PM,29.152,,,
11581,07/13/24 12:00:00 AM,29.252,,,
11582,07/13/24 12:10:00 AM,29.252,,,
11583,07/13/24 12:20:00 AM,29.252,,,
11584,07/13/24 12:30:00 AM,29.252,,,
11585,07/13/24 12:40:00 AM,29.252,,,
11586,07/13/24 12:50:00 AM,29.152,,,
11587,07/13/24 01:00:00 AM,29.152,,,
11588,07/13/24 01:10:00 AM,29.152,,,
11589,07/13/24 01:20:00 AM,29.053,,,
11590,07/13/24 01:30:00 AM,28.953,,,
11591,07/13/24 01:40:00 AM,28.853,,,
11592,07/13/24 01:50:00 AM,28.953,,,
11593,07/13/24 02:00:00 AM,28.953,,,
11594,07/13/24 02:10:00 AM,28.853,,,
11595,07/13/24 02:20:00 AM,28.953,,,
11596,07/13/24 02:30:00 AM,28.853,,,
11597,07/13/24 02:40:00 AM,28.853,,,
11598,07/13/24 02:50:00 AM,28.853,,,
11599,07/13/24 03:00:00 AM,28.853,,,
11600,07/13/24 03:10:00 AM,28.853,,,
11601,07/13/24 03:20:00 AM,28.754,,,
11602,07/13/24 03:30:00 AM,28.754,,,
11603,07/13/24 03:40:00 AM,28.754,,,
11604,07/13/24 03:50:00 AM,28.754,,,
11605,07/13/24 04:00:00 AM,28.655,,,
11606,07/13/24 04:10:00 AM,28.655,,,
11607,07/13/24 04:20:00 AM,28.655,,,
11608,07/13/24 04:30:00 AM,28.655,,,
11609,07/13/24 04:40:00 AM,28.655,,,
11610,07/13/24 04:50:00 AM,28.555,,,
11611,07/13/24 05:00:00 AM,28.555,,,
11612,07/13/24 05:10:00 AM,28.456,,,
11613,07/13/24 05:20:00 AM,28.456,,,
11614,07/13/24 05:30:00 AM,28.456,,,
11615,07/13/24 05:40:00 AM,28.555,,,
11616,07/13/24 05:50:00 AM,28.456,,,
11617,07/13/24 06:00:00 AM,28.555,,,
11618,07/13/24 06:10:00 AM,28.456,,,
11619,07/13/24 06:20:00 AM,28.456,,,
11620,07/13/24 06:30:00 AM,28.357,,,
11621,07/13/24 06:40:00 AM,28.456,,,
11622,07/13/24 06:50:00 AM,28.357,,,
11623,07/13/24 07:00:00 AM,28.357,,,
11624,07/13/24 07:10:00 AM,28.357,,,
11625,07/13/24 07:20:00 AM,28.258,,,
11626,07/13/24 07:30:00 AM,28.258,,,
11627,07/13/24 07:40:00 AM,28.258,,,
11628,07/13/24 07:50:00 AM,28.258,,,
11629,07/13/24 08:00:00 AM,28.159,,,
11630,07/13/24 08:10:00 AM,28.258,,,
11631,07/13/24 08:20:00 AM,28.159,,,
11632,07/13/24 08:30:00 AM,28.258,,,
11633,07/13/24 08:40:00 AM,28.258,,,
11634,07/13/24 08:50:00 AM,28.357,,,
11635,07/13/24 09:00:00 AM,28.456,,,
11636,07/13/24 09:10:00 AM,28.555,,,
11637,07/13/24 09:20:00 AM,28.655,,,
11638,07/13/24 09:30:00 AM,28.655,,,
11639,07/13/24 09:40:00 AM,28.555,,,
11640,07/13/24 09:50:00 AM,28.655,,,
11641,07/13/24 10:00:00 AM,28.853,,,
11642,07/13/24 10:10:00 AM,28.953,,,
11643,07/13/24 10:20:00 AM,29.152,,,
11644,07/13/24 10:30:00 AM,29.152,,,
11645,07/13/24 10:40:00 AM,29.352,,,
11646,07/13/24 10:50:00 AM,29.552,,,
11647,07/13/24 11:00:00 AM,29.652,,,
11648,07/13/24 11:10:00 AM,29.652,,,
11649,07/13/24 11:20:00 AM,29.652,,,
11650,07/13/24 11:30:00 AM,29.853,,,
11651,07/13/24 11:40:00 AM,29.853,,,
11652,07/13/24 11:50:00 AM,30.054,,,
11653,07/13/24 12:00:00 PM,30.054,,,
11654,07/13/24 12:10:00 PM,30.154,,,
11655,07/13/24 12:20:00 PM,30.255,,,
11656,07/13/24 12:30:00 PM,30.154,,,
11657,07/13/24 12:40:00 PM,30.255,,,
11658,07/13/24 12:50:00 PM,30.356,,,
11659,07/13/24 01:00:00 PM,30.356,,,
11660,07/13/24 01:10:00 PM,30.457,,,
11661,07/13/24 01:20:00 PM,30.457,,,
11662,07/13/24 01:30:00 PM,30.760,,,
11663,07/13/24 01:40:00 PM,30.760,,,
11664,07/13/24 01:50:00 PM,30.760,,,
11665,07/13/24 02:00:00 PM,30.558,,,
11666,07/13/24 02:10:00 PM,30.760,,,
11667,07/13/24 02:20:00 PM,30.862,,,
11668,07/13/24 02:30:00 PM,30.862,,,
11669,07/13/24 02:40:00 PM,30.659,,,
11670,07/13/24 02:50:00 PM,30.760,,,
11671,07/13/24 03:00:00 PM,30.760,,,
11672,07/13/24 03:10:00 PM,30.862,,,
11673,07/13/24 03:20:00 PM,30.963,,,
11674,07/13/24 03:30:00 PM,31.064,,,
11675,07/13/24 03:40:00 PM,31.166,,,
11676,07/13/24 03:50:00 PM,31.268,,,
11677,07/13/24 04:00:00 PM,31.268,,,
11678,07/13/24 04:10:00 PM,31.268,,,
11679,07/13/24 04:20:00 PM,31.166,,,
11680,07/13/24 04:30:00 PM,31.166,,,
11681,07/13/24 04:40:00 PM,31.268,,,
11682,07/13/24 04:50:00 PM,31.166,,,
11683,07/13/24 05:00:00 PM,31.268,,,
11684,07/13/24 05:10:00 PM,31.064,,,
11685,07/13/24 05:20:00 PM,31.166,,,
11686,07/13/24 05:30:00 PM,31.166,,,
11687,07/13/24 05:40:00 PM,31.064,,,
11688,07/13/24 05:50:00 PM,31.166,,,
11689,07/13/24 06:00:00 PM,31.166,,,
11690,07/13/24 06:10:00 PM,31.064,,,
11691,07/13/24 06:20:00 PM,31.064,,,
11692,07/13/24 06:30:00 PM,30.963,,,
11693,07/13/24 06:40:00 PM,30.963,,,
11694,07/13/24 06:50:00 PM,30.862,,,
11695,07/13/24 07:00:00 PM,30.862,,,
11696,07/13/24 07:10:00 PM,30.862,,,
11697,07/13/24 07:20:00 PM,30.862,,,
11698,07/13/24 07:30:00 PM,30.760,,,
11699,07/13/24 07:40:00 PM,30.760,,,
11700,07/13/24 07:50:00 PM,30.760,,,
11701,07/13/24 08:00:00 PM,30.659,,,
11702,07/13/24 08:10:00 PM,30.659,,,
11703,07/13/24 08:20:00 PM,30.558,,,
11704,07/13/24 08:30:00 PM,30.558,,,
11705,07/13/24 08:40:00 PM,30.457,,,
11706,07/13/24 08:50:00 PM,30.154,,,
11707,07/13/24 09:00:00 PM,29.953,,,
11708,07/13/24 09:10:00 PM,29.853,,,
11709,07/13/24 09:20:00 PM,29.752,,,
11710,07/13/24 09:30:00 PM,29.652,,,
11711,07/13/24 09:40:00 PM,29.652,,,
11712,07/13/24 09:50:00 PM,29.552,,,
11713,07/13/24 10:00:00 PM,29.552,,,
11714,07/13/24 10:10:00 PM,29.552,,,
11715,07/13/24 10:20:00 PM,29.552,,,
11716,07/13/24 10:30:00 PM,29.552,,,
11717,07/13/24 10:40:00 PM,29.552,,,
11718,07/13/24 10:50:00 PM,29.552,,,
11719,07/13/24 11:00:00 PM,29.452,,,
11720,07/13/24 11:10:00 PM,29.452,,,
11721,07/13/24 11:20:00 PM,29.452,,,
11722,07/13/24 11:30:00 PM,29.452,,,
11723,07/13/24 11:40:00 PM,29.452,,,
11724,07/13/24 11:50:00 PM,29.452,,,
11725,07/14/24 12:00:00 AM,29.352,,,
11726,07/14/24 12:10:00 AM,29.352,,,
11727,07/14/24 12:20:00 AM,29.352,,,
11728,07/14/24 12:30:00 AM,29.252,,,
11729,07/14/24 12:40:00 AM,29.252,,,
11730,07/14/24 12:50:00 AM,29.252,,,
11731,07/14/24 01:00:00 AM,29.152,,,
11732,07/14/24 01:10:00 AM,29.152,,,
11733,07/14/24 01:20:00 AM,29.152,,,
11734,07/14/24 01:30:00 AM,29.152,,,
11735,07/14/24 01:40:00 AM,29.152,,,
11736,07/14/24 01:50:00 AM,29.152,,,
11737,07/14/24 02:00:00 AM,29.152,,,
11738,07/14/24 02:10:00 AM,29.152,,,
11739,07/14/24 02:20:00 AM,29.152,,,
11740,07/14/24 02:30:00 AM,29.152,,,
11741,07/14/24 02:40:00 AM,29.152,,,
11742,07/14/24 02:50:00 AM,29.152,,,
11743,07/14/24 03:00:00 AM,29.053,,,
11744,07/14/24 03:10:00 AM,29.053,,,
11745,07/14/24 03:20:00 AM,29.053,,,
11746,07/14/24 03:30:00 AM,28.953,,,
11747,07/14/24 03:40:00 AM,28.953,,,
11748,07/14/24 03:50:00 AM,28.953,,,
11749,07/14/24 04:00:00 AM,28.853,,,
11750,07/14/24 04:10:00 AM,28.853,,,
11751,07/14/24 04:20:00 AM,28.655,,,
11752,07/14/24 04:30:00 AM,28.655,,,
11753,07/14/24 04:40:00 AM,28.655,,,
11754,07/14/24 04:50:00 AM,28.655,,,
11755,07/14/24 05:00:00 AM,28.655,,,
11756,07/14/24 05:10:00 AM,28.655,,,
11757,07/14/24 05:20:00 AM,28.655,,,
11758,07/14/24 05:30:00 AM,28.555,,,
11759,07/14/24 05:40:00 AM,28.555,,,
11760,07/14/24 05:50:00 AM,28.555,,,
11761,07/14/24 06:00:00 AM,28.456,,,
11762,07/14/24 06:10:00 AM,28.555,,,
11763,07/14/24 06:20:00 AM,28.555,,,
11764,07/14/24 06:30:00 AM,28.357,,,
11765,07/14/24 06:40:00 AM,28.456,,,
11766,07/14/24 06:50:00 AM,28.159,,,
11767,07/14/24 07:00:00 AM,28.258,,,
11768,07/14/24 07:10:00 AM,28.159,,,
11769,07/14/24 07:20:00 AM,28.060,,,
11770,07/14/24 07:30:00 AM,28.060,,,
11771,07/14/24 07:40:00 AM,28.159,,,
11772,07/14/24 07:50:00 AM,28.258,,,
11773,07/14/24 08:00:00 AM,28.357,,,
11774,07/14/24 08:10:00 AM,28.357,,,
11775,07/14/24 08:20:00 AM,28.258,,,
11776,07/14/24 08:30:00 AM,28.258,,,
11777,07/14/24 08:40:00 AM,28.357,,,
11778,07/14/24 08:50:00 AM,28.357,,,
11779,07/14/24 09:00:00 AM,28.357,,,
11780,07/14/24 09:10:00 AM,28.357,,,
11781,07/14/24 09:20:00 AM,28.357,,,
11782,07/14/24 09:30:00 AM,28.456,,,
11783,07/14/24 09:40:00 AM,28.456,,,
11784,07/14/24 09:50:00 AM,28.655,,,
11785,07/14/24 10:00:00 AM,28.754,,,
11786,07/14/24 10:10:00 AM,28.853,,,
11787,07/14/24 10:20:00 AM,29.053,,,
11788,07/14/24 10:30:00 AM,29.152,,,
11789,07/14/24 10:40:00 AM,29.252,,,
11790,07/14/24 10:50:00 AM,29.452,,,
11791,07/14/24 11:00:00 AM,29.552,,,
11792,07/14/24 11:10:00 AM,29.552,,,
11793,07/14/24 11:20:00 AM,29.652,,,
11794,07/14/24 11:30:00 AM,29.652,,,
11795,07/14/24 11:40:00 AM,29.853,,,
11796,07/14/24 11:50:00 AM,30.054,,,
11797,07/14/24 12:00:00 PM,30.054,,,
11798,07/14/24 12:10:00 PM,30.154,,,
11799,07/14/24 12:20:00 PM,30.255,,,
11800,07/14/24 12:30:00 PM,30.457,,,
11801,07/14/24 12:40:00 PM,30.457,,,
11802,07/14/24 12:50:00 PM,30.356,,,
11803,07/14/24 01:00:00 PM,30.154,,,
11804,07/14/24 01:10:00 PM,30.154,,,
11805,07/14/24 01:20:00 PM,30.356,,,
11806,07/14/24 01:30:00 PM,30.154,,,
11807,07/14/24 01:40:00 PM,30.154,,,
11808,07/14/24 01:50:00 PM,30.255,,,
11809,07/14/24 02:00:00 PM,30.255,,,
11810,07/14/24 02:10:00 PM,30.154,,,
11811,07/14/24 02:20:00 PM,30.154,,,
11812,07/14/24 02:30:00 PM,30.054,,,
11813,07/14/24 02:40:00 PM,30.255,,,
11814,07/14/24 02:50:00 PM,30.154,,,
11815,07/14/24 03:00:00 PM,29.953,,,
11816,07/14/24 03:10:00 PM,29.953,,,
11817,07/14/24 03:20:00 PM,30.054,,,
11818,07/14/24 03:30:00 PM,30.457,,,
11819,07/14/24 03:40:00 PM,30.255,,,
11820,07/14/24 03:50:00 PM,30.457,,,
11821,07/14/24 04:00:00 PM,30.457,,,
11822,07/14/24 04:10:00 PM,30.356,,,
11823,07/14/24 04:20:00 PM,30.356,,,
11824,07/14/24 04:30:00 PM,30.356,,,
11825,07/14/24 04:40:00 PM,30.356,,,
11826,07/14/24 04:50:00 PM,30.356,,,
11827,07/14/24 05:00:00 PM,30.255,,,
11828,07/14/24 05:10:00 PM,30.255,,,
11829,07/14/24 05:20:00 PM,30.255,,,
11830,07/14/24 05:30:00 PM,30.154,,,
11831,07/14/24 05:40:00 PM,30.255,,,
11832,07/14/24 05:50:00 PM,30.255,,,
11833,07/14/24 06:00:00 PM,30.255,,,
11834,07/14/24 06:10:00 PM,30.255,,,
11835,07/14/24 06:20:00 PM,30.154,,,
11836,07/14/24 06:30:00 PM,30.154,,,
11837,07/14/24 06:40:00 PM,30.154,,,
11838,07/14/24 06:50:00 PM,30.054,,,
11839,07/14/24 07:00:00 PM,30.054,,,
11840,07/14/24 07:10:00 PM,29.953,,,
11841,07/14/24 07:20:00 PM,29.853,,,
11842,07/14/24 07:30:00 PM,29.853,,,
11843,07/14/24 07:40:00 PM,29.853,,,
11844,07/14/24 07:50:00 PM,29.853,,,
11845,07/14/24 08:00:00 PM,29.752,,,
11846,07/14/24 08:10:00 PM,29.752,,,
11847,07/14/24 08:20:00 PM,29.652,,,
11848,07/14/24 08:30:00 PM,29.652,,,
11849,07/14/24 08:40:00 PM,29.652,,,
11850,07/14/24 08:50:00 PM,29.652,,,
11851,07/14/24 09:00:00 PM,29.652,,,
11852,07/14/24 09:10:00 PM,29.652,,,
11853,07/14/24 09:20:00 PM,29.652,,,
11854,07/14/24 09:30:00 PM,29.652,,,
11855,07/14/24 09:40:00 PM,29.652,,,
11856,07/14/24 09:50:00 PM,29.552,,,
11857,07/14/24 10:00:00 PM,29.552,,,
11858,07/14/24 10:10:00 PM,29.552,,,
11859,07/14/24 10:20:00 PM,29.452,,,
11860,07/14/24 10:30:00 PM,29.552,,,
11861,07/14/24 10:40:00 PM,29.452,,,
11862,07/14/24 10:50:00 PM,29.452,,,
11863,07/14/24 11:00:00 PM,29.452,,,
11864,07/14/24 11:10:00 PM,29.452,,,
11865,07/14/24 11:20:00 PM,29.452,,,
11866,07/14/24 11:30:00 PM,29.352,,,
11867,07/14/24 11:40:00 PM,29.252,,,
11868,07/14/24 11:50:00 PM,29.252,,,
11869,07/15/24 12:00:00 AM,29.252,,,
11870,07/15/24 12:10:00 AM,29.152,,,
11871,07/15/24 12:20:00 AM,29.053,,,
11872,07/15/24 12:30:00 AM,29.053,,,
11873,07/15/24 12:40:00 AM,28.953,,,
11874,07/15/24 12:50:00 AM,28.953,,,
11875,07/15/24 01:00:00 AM,29.053,,,
11876,07/15/24 01:10:00 AM,28.953,,,
11877,07/15/24 01:20:00 AM,28.853,,,
11878,07/15/24 01:30:00 AM,28.655,,,
11879,07/15/24 01:40:00 AM,28.655,,,
11880,07/15/24 01:50:00 AM,28.555,,,
11881,07/15/24 02:00:00 AM,28.655,,,
11882,07/15/24 02:10:00 AM,28.555,,,
11883,07/15/24 02:20:00 AM,28.555,,,
11884,07/15/24 02:30:00 AM,28.655,,,
11885,07/15/24 02:40:00 AM,28.555,,,
11886,07/15/24 02:50:00 AM,28.555,,,
11887,07/15/24 03:00:00 AM,28.555,,,
11888,07/15/24 03:10:00 AM,28.555,,,
11889,07/15/24 03:20:00 AM,28.456,,,
11890,07/15/24 03:30:00 AM,28.357,,,
11891,07/15/24 03:40:00 AM,28.357,,,
11892,07/15/24 03:50:00 AM,28.159,,,
11893,07/15/24 04:00:00 AM,27.862,,,
11894,07/15/24 04:10:00 AM,28.060,,,
11895,07/15/24 04:20:00 AM,28.060,,,
11896,07/15/24 04:30:00 AM,28.159,,,
11897,07/15/24 04:40:00 AM,28.159,,,
11898,07/15/24 04:50:00 AM,28.159,,,
11899,07/15/24 05:00:00 AM,28.060,,,
11900,07/15/24 05:10:00 AM,28.060,,,
11901,07/15/24 05:20:00 AM,28.060,,,
11902,07/15/24 05:30:00 AM,28.060,,,
11903,07/15/24 05:40:00 AM,27.665,,,
11904,07/15/24 05:50:00 AM,27.468,,,
11905,07/15/24 06:00:00 AM,27.468,,,
11906,07/15/24 06:10:00 AM,27.665,,,
11907,07/15/24 06:20:00 AM,27.272,,,
11908,07/15/24 06:30:00 AM,27.272,,,
11909,07/15/24 06:40:00 AM,27.272,,,
11910,07/15/24 06:50:00 AM,27.468,,,
11911,07/15/24 07:00:00 AM,27.272,,,
11912,07/15/24 07:10:00 AM,27.272,,,
11913,07/15/24 07:20:00 AM,27.272,,,
11914,07/15/24 07:30:00 AM,27.272,,,
11915,07/15/24 07:40:00 AM,27.370,,,
11916,07/15/24 07:50:00 AM,27.468,,,
11917,07/15/24 08:00:00 AM,27.272,,,
11918,07/15/24 08:10:00 AM,27.468,,,
11919,07/15/24 08:20:00 AM,27.468,,,
11920,07/15/24 08:30:00 AM,27.764,,,
11921,07/15/24 08:40:00 AM,27.862,,,
11922,07/15/24 08:50:00 AM,27.862,,,
11923,07/15/24 09:00:00 AM,27.961,,,
11924,07/15/24 09:10:00 AM,28.060,,,
11925,07/15/24 09:20:00 AM,28.060,,,
11926,07/15/24 09:30:00 AM,28.060,,,
11927,07/15/24 09:40:00 AM,28.258,,,
11928,07/15/24 09:50:00 AM,28.357,,,
11929,07/15/24 10:00:00 AM,28.655,,,
11930,07/15/24 10:10:00 AM,28.655,,,
11931,07/15/24 10:20:00 AM,28.754,,,
11932,07/15/24 10:30:00 AM,28.853,,,
11933,07/15/24 10:40:00 AM,28.853,,,
11934,07/15/24 10:50:00 AM,29.053,,,
11935,07/15/24 11:00:00 AM,29.252,,,
11936,07/15/24 11:10:00 AM,29.252,,,
11937,07/15/24 11:20:00 AM,29.452,,,
11938,07/15/24 11:30:00 AM,29.452,,,
11939,07/15/24 11:40:00 AM,29.652,,,
11940,07/15/24 11:50:00 AM,29.652,,,
11941,07/15/24 12:00:00 PM,29.752,,,
11942,07/15/24 12:10:00 PM,29.752,,,
11943,07/15/24 12:20:00 PM,29.752,,,
11944,07/15/24 12:30:00 PM,29.752,,,
11945,07/15/24 12:40:00 PM,29.652,,,
11946,07/15/24 12:50:00 PM,29.853,,,
11947,07/15/24 01:00:00 PM,29.953,,,
11948,07/15/24 01:10:00 PM,30.054,,,
11949,07/15/24 01:20:00 PM,29.853,,,
11950,07/15/24 01:30:00 PM,29.953,,,
11951,07/15/24 01:40:00 PM,30.054,,,
11952,07/15/24 01:50:00 PM,30.054,,,
11953,07/15/24 02:00:00 PM,30.054,,,
11954,07/15/24 02:10:00 PM,30.054,,,
11955,07/15/24 02:20:00 PM,30.154,,,
11956,07/15/24 02:30:00 PM,30.154,,,
11957,07/15/24 02:40:00 PM,30.255,,,
11958,07/15/24 02:50:00 PM,30.255,,,
11959,07/15/24 03:00:00 PM,30.255,,,
11960,07/15/24 03:10:00 PM,30.255,,,
11961,07/15/24 03:20:00 PM,30.154,,,
11962,07/15/24 03:30:00 PM,30.154,,,
11963,07/15/24 03:40:00 PM,30.154,,,
11964,07/15/24 03:50:00 PM,30.255,,,
11965,07/15/24 04:00:00 PM,30.154,,,
11966,07/15/24 04:10:00 PM,30.255,,,
11967,07/15/24 04:20:00 PM,30.255,,,
11968,07/15/24 04:30:00 PM,30.255,,,
11969,07/15/24 04:40:00 PM,30.054,,,
11970,07/15/24 04:50:00 PM,30.154,,,
11971,07/15/24 05:00:00 PM,30.054,,,
11972,07/15/24 05:10:00 PM,30.054,,,
11973,07/15/24 05:20:00 PM,30.154,,,
11974,07/15/24 05:30:00 PM,30.054,,,
11975,07/15/24 05:40:00 PM,30.054,,,
11976,07/15/24 05:50:00 PM,30.054,,,
11977,07/15/24 06:00:00 PM,30.054,,,
11978,07/15/24 06:10:00 PM,30.054,,,
11979,07/15/24 06:20:00 PM,30.054,,,
11980,07/15/24 06:30:00 PM,30.054,,,
11981,07/15/24 06:40:00 PM,30.054,,,
11982,07/15/24 06:50:00 PM,30.054,,,
11983,07/15/24 07:00:00 PM,29.953,,,
11984,07/15/24 07:10:00 PM,29.953,,,
11985,07/15/24 07:20:00 PM,29.853,,,
11986,07/15/24 07:30:00 PM,29.853,,,
11987,07/15/24 07:40:00 PM,29.853,,,
11988,07/15/24 07:50:00 PM,29.853,,,
11989,07/15/24 08:00:00 PM,29.853,,,
11990,07/15/24 08:10:00 PM,29.853,,,
11991,07/15/24 08:20:00 PM,29.752,,,
11992,07/15/24 08:30:00 PM,29.752,,,
11993,07/15/24 08:40:00 PM,29.752,,,
11994,07/15/24 08:50:00 PM,29.752,,,
11995,07/15/24 09:00:00 PM,29.652,,,
11996,07/15/24 09:10:00 PM,29.652,,,
11997,07/15/24 09:20:00 PM,29.652,,,
11998,07/15/24 09:30:00 PM,29.652,,,
11999,07/15/24 09:40:00 PM,29.652,,,
12000,07/15/24 09:50:00 PM,29.652,,,
12001,07/15/24 10:00:00 PM,29.652,,,
12002,07/15/24 10:10:00 PM,29.652,,,
12003,07/15/24 10:20:00 PM,29.652,,,
12004,07/15/24 10:30:00 PM,29.652,,,
12005,07/15/24 10:40:00 PM,29.552,,,
12006,07/15/24 10:50:00 PM,29.552,,,
12007,07/15/24 11:00:00 PM,29.552,,,
12008,07/15/24 11:10:00 PM,29.552,,,
12009,07/15/24 11:20:00 PM,29.452,,,
12010,07/15/24 11:30:00 PM,29.452,,,
12011,07/15/24 11:40:00 PM,29.452,,,
12012,07/15/24 11:50:00 PM,29.452,,,
12013,07/16/24 12:00:00 AM,29.352,,,
12014,07/16/24 12:10:00 AM,29.252,,,
12015,07/16/24 12:20:00 AM,29.252,,,
12016,07/16/24 12:30:00 AM,29.252,,,
12017,07/16/24 12:40:00 AM,29.152,,,
12018,07/16/24 12:50:00 AM,29.152,,,
12019,07/16/24 01:00:00 AM,29.053,,,
12020,07/16/24 01:10:00 AM,29.053,,,
12021,07/16/24 01:20:00 AM,29.053,,,
12022,07/16/24 01:30:00 AM,28.953,,,
12023,07/16/24 01:40:00 AM,28.953,,,
12024,07/16/24 01:50:00 AM,28.853,,,
12025,07/16/24 02:00:00 AM,28.853,,,
12026,07/16/24 02:10:00 AM,28.754,,,
12027,07/16/24 02:20:00 AM,28.754,,,
12028,07/16/24 02:30:00 AM,28.655,,,
12029,07/16/24 02:40:00 AM,28.655,,,
12030,07/16/24 02:50:00 AM,28.555,,,
12031,07/16/24 03:00:00 AM,28.456,,,
12032,07/16/24 03:10:00 AM,28.456,,,
12033,07/16/24 03:20:00 AM,28.456,,,
12034,07/16/24 03:30:00 AM,28.357,,,
12035,07/16/24 03:40:00 AM,28.258,,,
12036,07/16/24 03:50:00 AM,28.357,,,
12037,07/16/24 04:00:00 AM,28.357,,,
12038,07/16/24 04:10:00 AM,28.258,,,
12039,07/16/24 04:20:00 AM,28.159,,,
12040,07/16/24 04:30:00 AM,28.258,,,
12041,07/16/24 04:40:00 AM,28.258,,,
12042,07/16/24 04:50:00 AM,28.159,,,
12043,07/16/24 05:00:00 AM,28.258,,,
12044,07/16/24 05:10:00 AM,28.258,,,
12045,07/16/24 05:20:00 AM,28.159,,,
12046,07/16/24 05:30:00 AM,28.060,,,
12047,07/16/24 05:40:00 AM,28.060,,,
12048,07/16/24 05:50:00 AM,28.060,,,
12049,07/16/24 06:00:00 AM,28.060,,,
12050,07/16/24 06:10:00 AM,28.060,,,
12051,07/16/24 06:20:00 AM,28.060,,,
12052,07/16/24 06:30:00 AM,27.961,,,
12053,07/16/24 06:40:00 AM,28.060,,,
12054,07/16/24 06:50:00 AM,28.060,,,
12055,07/16/24 07:00:00 AM,28.060,,,
12056,07/16/24 07:10:00 AM,27.862,,,
12057,07/16/24 07:20:00 AM,27.961,,,
12058,07/16/24 07:30:00 AM,27.961,,,
12059,07/16/24 07:40:00 AM,27.961,,,
12060,07/16/24 07:50:00 AM,27.862,,,
12061,07/16/24 08:00:00 AM,27.862,,,
12062,07/16/24 08:10:00 AM,27.961,,,
12063,07/16/24 08:20:00 AM,27.961,,,
12064,07/16/24 08:30:00 AM,28.060,,,
12065,07/16/24 08:40:00 AM,28.060,,,
12066,07/16/24 08:50:00 AM,27.961,,,
12067,07/16/24 09:00:00 AM,28.060,,,
12068,07/16/24 09:10:00 AM,28.258,,,
12069,07/16/24 09:20:00 AM,28.258,,,
12070,07/16/24 09:30:00 AM,28.456,,,
12071,07/16/24 09:40:00 AM,28.655,,,
12072,07/16/24 09:50:00 AM,28.555,,,
12073,07/16/24 10:00:00 AM,28.655,,,
12074,07/16/24 10:10:00 AM,28.655,,,
12075,07/16/24 10:20:00 AM,28.754,,,
12076,07/16/24 10:30:00 AM,28.853,,,
12077,07/16/24 10:40:00 AM,28.953,,,
12078,07/16/24 10:50:00 AM,29.053,,,
12079,07/16/24 11:00:00 AM,29.152,,,
12080,07/16/24 11:10:00 AM,29.252,,,
12081,07/16/24 11:20:00 AM,29.452,,,
12082,07/16/24 11:30:00 AM,29.452,,,
12083,07/16/24 11:40:00 AM,29.552,,,
12084,07/16/24 11:50:00 AM,29.552,,,
12085,07/16/24 12:00:00 PM,29.652,,,
12086,07/16/24 12:10:00 PM,29.652,,,
12087,07/16/24 12:20:00 PM,29.752,,,
12088,07/16/24 12:30:00 PM,29.853,,,
12089,07/16/24 12:40:00 PM,29.853,,,
12090,07/16/24 12:50:00 PM,29.853,,,
12091,07/16/24 01:00:00 PM,29.752,,,
12092,07/16/24 01:10:00 PM,29.853,,,
12093,07/16/24 01:20:00 PM,29.853,,,
12094,07/16/24 01:30:00 PM,29.853,,,
12095,07/16/24 01:40:00 PM,29.853,,,
12096,07/16/24 01:50:00 PM,29.853,,,
12097,07/16/24 02:00:00 PM,29.853,,,
12098,07/16/24 02:10:00 PM,30.054,,,
12099,07/16/24 02:20:00 PM,30.054,,,
12100,07/16/24 02:30:00 PM,30.154,,,
12101,07/16/24 02:40:00 PM,29.953,,,
12102,07/16/24 02:50:00 PM,30.154,,,
12103,07/16/24 03:00:00 PM,30.154,,,
12104,07/16/24 03:10:00 PM,30.054,,,
12105,07/16/24 03:20:00 PM,30.054,,,
12106,07/16/24 03:30:00 PM,30.255,,,
12107,07/16/24 03:40:00 PM,30.054,,,
12108,07/16/24 03:50:00 PM,30.255,,,
12109,07/16/24 04:00:00 PM,30.255,,,
12110,07/16/24 04:10:00 PM,30.154,,,
12111,07/16/24 04:20:00 PM,30.054,,,
12112,07/16/24 04:30:00 PM,29.853,,,
12113,07/16/24 04:40:00 PM,29.853,,,
12114,07/16/24 04:50:00 PM,29.752,,,
12115,07/16/24 05:00:00 PM,29.752,,,
12116,07/16/24 05:10:00 PM,29.853,,,
12117,07/16/24 05:20:00 PM,30.054,,,
12118,07/16/24 05:30:00 PM,29.853,,,
12119,07/16/24 05:40:00 PM,30.054,,,
12120,07/16/24 05:50:00 PM,29.953,,,
12121,07/16/24 06:00:00 PM,29.853,,,
12122,07/16/24 06:10:00 PM,29.752,,,
12123,07/16/24 06:20:00 PM,29.752,,,
12124,07/16/24 06:30:00 PM,29.752,,,
12125,07/16/24 06:40:00 PM,29.752,,,
12126,07/16/24 06:50:00 PM,29.652,,,
12127,07/16/24 07:00:00 PM,29.652,,,
12128,07/16/24 07:10:00 PM,29.652,,,
12129,07/16/24 07:20:00 PM,29.552,,,
12130,07/16/24 07:30:00 PM,29.552,,,
12131,07/16/24 07:40:00 PM,29.552,,,
12132,07/16/24 07:50:00 PM,29.452,,,
12133,07/16/24 08:00:00 PM,29.452,,,
12134,07/16/24 08:10:00 PM,29.452,,,
12135,07/16/24 08:20:00 PM,29.452,,,
12136,07/16/24 08:30:00 PM,29.452,,,
12137,07/16/24 08:40:00 PM,29.452,,,
12138,07/16/24 08:50:00 PM,29.452,,,
12139,07/16/24 09:00:00 PM,29.452,,,
12140,07/16/24 09:10:00 PM,29.452,,,
12141,07/16/24 09:20:00 PM,29.452,,,
12142,07/16/24 09:30:00 PM,29.352,,,
12143,07/16/24 09:40:00 PM,29.352,,,
12144,07/16/24 09:50:00 PM,29.352,,,
12145,07/16/24 10:00:00 PM,29.252,,,
12146,07/16/24 10:10:00 PM,29.252,,,
12147,07/16/24 10:20:00 PM,29.252,,,
12148,07/16/24 10:30:00 PM,29.252,,,
12149,07/16/24 10:40:00 PM,29.152,,,
12150,07/16/24 10:50:00 PM,29.152,,,
12151,07/16/24 11:00:00 PM,29.053,,,
12152,07/16/24 11:10:00 PM,29.152,,,
12153,07/16/24 11:20:00 PM,29.152,,,
12154,07/16/24 11:30:00 PM,29.053,,,
12155,07/16/24 11:40:00 PM,29.053,,,
12156,07/16/24 11:50:00 PM,29.053,,,
12157,07/17/24 12:00:00 AM,28.953,,,
12158,07/17/24 12:10:00 AM,28.953,,,
12159,07/17/24 12:20:00 AM,28.853,,,
12160,07/17/24 12:30:00 AM,28.853,,,
12161,07/17/24 12:40:00 AM,28.853,,,
12162,07/17/24 12:50:00 AM,28.853,,,
12163,07/17/24 01:00:00 AM,28.655,,,
12164,07/17/24 01:10:00 AM,28.655,,,
12165,07/17/24 01:20:00 AM,28.655,,,
12166,07/17/24 01:30:00 AM,28.754,,,
12167,07/17/24 01:40:00 AM,28.655,,,
12168,07/17/24 01:50:00 AM,28.555,,,
12169,07/17/24 02:00:00 AM,28.555,,,
12170,07/17/24 02:10:00 AM,28.456,,,
12171,07/17/24 02:20:00 AM,28.456,,,
12172,07/17/24 02:30:00 AM,28.456,,,
12173,07/17/24 02:40:00 AM,28.456,,,
12174,07/17/24 02:50:00 AM,28.357,,,
12175,07/17/24 03:00:00 AM,28.258,,,
12176,07/17/24 03:10:00 AM,28.258,,,
12177,07/17/24 03:20:00 AM,28.258,,,
12178,07/17/24 03:30:00 AM,28.258,,,
12179,07/17/24 03:40:00 AM,28.159,,,
12180,07/17/24 03:50:00 AM,28.159,,,
12181,07/17/24 04:00:00 AM,28.159,,,
12182,07/17/24 04:10:00 AM,28.060,,,
12183,07/17/24 04:20:00 AM,28.060,,,
12184,07/17/24 04:30:00 AM,27.961,,,
12185,07/17/24 04:40:00 AM,27.961,,,
12186,07/17/24 04:50:00 AM,28.060,,,
12187,07/17/24 05:00:00 AM,27.961,,,
12188,07/17/24 05:10:00 AM,27.961,,,
12189,07/17/24 05:20:00 AM,27.961,,,
12190,07/17/24 05:30:00 AM,27.862,,,
12191,07/17/24 05:40:00 AM,27.862,,,
12192,07/17/24 05:50:00 AM,27.862,,,
12193,07/17/24 06:00:00 AM,27.862,,,
12194,07/17/24 06:10:00 AM,27.862,,,
12195,07/17/24 06:20:00 AM,27.764,,,
12196,07/17/24 06:30:00 AM,27.764,,,
12197,07/17/24 06:40:00 AM,27.764,,,
12198,07/17/24 06:50:00 AM,27.764,,,
12199,07/17/24 07:00:00 AM,27.764,,,
12200,07/17/24 07:10:00 AM,27.764,,,
12201,07/17/24 07:20:00 AM,27.764,,,
12202,07/17/24 07:30:00 AM,27.764,,,
12203,07/17/24 07:40:00 AM,27.764,,,
12204,07/17/24 07:50:00 AM,27.862,,,
12205,07/17/24 08:00:00 AM,27.764,,,
12206,07/17/24 08:10:00 AM,27.764,,,
12207,07/17/24 08:20:00 AM,27.764,,,
12208,07/17/24 08:30:00 AM,27.862,,,
12209,07/17/24 08:40:00 AM,27.764,,,
12210,07/17/24 08:50:00 AM,27.862,,,
12211,07/17/24 09:00:00 AM,27.961,,,
12212,07/17/24 09:10:00 AM,27.961,,,
12213,07/17/24 09:20:00 AM,27.961,,,
12214,07/17/24 09:30:00 AM,27.961,,,
12215,07/17/24 09:40:00 AM,28.159,,,
12216,07/17/24 09:50:00 AM,28.159,,,
12217,07/17/24 10:00:00 AM,28.159,,,
12218,07/17/24 10:10:00 AM,28.555,,,
12219,07/17/24 10:20:00 AM,28.555,,,
12220,07/17/24 10:30:00 AM,28.555,,,
12221,07/17/24 10:40:00 AM,28.655,,,
12222,07/17/24 10:50:00 AM,28.754,,,
12223,07/17/24 11:00:00 AM,28.754,,,
12224,07/17/24 11:10:00 AM,28.853,,,
12225,07/17/24 11:20:00 AM,28.953,,,
12226,07/17/24 11:30:00 AM,29.053,,,
12227,07/17/24 11:40:00 AM,29.152,,,
12228,07/17/24 11:50:00 AM,29.352,,,
12229,07/17/24 12:00:00 PM,29.552,,,
12230,07/17/24 12:10:00 PM,29.652,,,
12231,07/17/24 12:20:00 PM,29.652,,,
12232,07/17/24 12:30:00 PM,29.652,,,
12233,07/17/24 12:40:00 PM,29.752,,,
12234,07/17/24 12:50:00 PM,29.652,,,
12235,07/17/24 01:00:00 PM,29.652,,,
12236,07/17/24 01:10:00 PM,29.652,,,
12237,07/17/24 01:20:00 PM,29.652,,,
12238,07/17/24 01:30:00 PM,29.652,,,
12239,07/17/24 01:40:00 PM,29.552,,,
12240,07/17/24 01:50:00 PM,29.652,,,
12241,07/17/24 02:00:00 PM,29.853,,,
12242,07/17/24 02:10:00 PM,29.752,,,
12243,07/17/24 02:20:00 PM,29.853,,,
12244,07/17/24 02:30:00 PM,29.752,,,
12245,07/17/24 02:40:00 PM,29.953,,,
12246,07/17/24 02:50:00 PM,29.853,,,
12247,07/17/24 03:00:00 PM,29.752,,,
12248,07/17/24 03:10:00 PM,29.853,,,
12249,07/17/24 03:20:00 PM,29.652,,,
12250,07/17/24 03:30:00 PM,29.853,,,
12251,07/17/24 03:40:00 PM,29.652,,,
12252,07/17/24 03:50:00 PM,29.652,,,
12253,07/17/24 04:00:00 PM,29.652,,,
12254,07/17/24 04:10:00 PM,29.652,,,
12255,07/17/24 04:20:00 PM,29.552,,,
12256,07/17/24 04:30:00 PM,29.552,,,
12257,07/17/24 04:40:00 PM,29.652,,,
12258,07/17/24 04:50:00 PM,29.652,,,
12259,07/17/24 05:00:00 PM,29.752,,,
12260,07/17/24 05:10:00 PM,29.853,,,
12261,07/17/24 05:20:00 PM,29.853,,,
12262,07/17/24 05:30:00 PM,29.853,,,
12263,07/17/24 05:40:00 PM,29.752,,,
12264,07/17/24 05:50:00 PM,29.752,,,
12265,07/17/24 06:00:00 PM,29.752,,,
12266,07/17/24 06:10:00 PM,29.752,,,
12267,07/17/24 06:20:00 PM,29.752,,,
12268,07/17/24 06:30:00 PM,29.652,,,
12269,07/17/24 06:40:00 PM,29.752,,,
12270,07/17/24 06:50:00 PM,29.752,,,
12271,07/17/24 07:00:00 PM,29.652,,,
12272,07/17/24 07:10:00 PM,29.652,,,
12273,07/17/24 07:20:00 PM,29.652,,,
12274,07/17/24 07:30:00 PM,29.652,,,
12275,07/17/24 07:40:00 PM,29.652,,,
12276,07/17/24 07:50:00 PM,29.652,,,
12277,07/17/24 08:00:00 PM,29.652,,,
12278,07/17/24 08:10:00 PM,29.652,,,
12279,07/17/24 08:20:00 PM,29.652,,,
12280,07/17/24 08:30:00 PM,29.652,,,
12281,07/17/24 08:40:00 PM,29.652,,,
12282,07/17/24 08:50:00 PM,29.652,,,
12283,07/17/24 09:00:00 PM,29.652,,,
12284,07/17/24 09:10:00 PM,29.652,,,
12285,07/17/24 09:20:00 PM,29.652,,,
12286,07/17/24 09:30:00 PM,29.652,,,
12287,07/17/24 09:40:00 PM,29.652,,,
12288,07/17/24 09:50:00 PM,29.652,,,
12289,07/17/24 10:00:00 PM,29.652,,,
12290,07/17/24 10:10:00 PM,29.652,,,
12291,07/17/24 10:20:00 PM,29.652,,,
12292,07/17/24 10:30:00 PM,29.652,,,
12293,07/17/24 10:40:00 PM,29.652,,,
12294,07/17/24 10:50:00 PM,29.652,,,
12295,07/17/24 11:00:00 PM,29.552,,,
12296,07/17/24 11:10:00 PM,29.552,,,
12297,07/17/24 11:20:00 PM,29.552,,,
12298,07/17/24 11:30:00 PM,29.452,,,
12299,07/17/24 11:40:00 PM,29.452,,,
12300,07/17/24 11:50:00 PM,29.452,,,
12301,07/18/24 12:00:00 AM,29.452,,,
12302,07/18/24 12:10:00 AM,29.352,,,
12303,07/18/24 12:20:00 AM,29.252,,,
12304,07/18/24 12:30:00 AM,29.252,,,
12305,07/18/24 12:40:00 AM,29.152,,,
12306,07/18/24 12:50:00 AM,29.252,,,
12307,07/18/24 01:00:00 AM,29.152,,,
12308,07/18/24 01:10:00 AM,29.252,,,
12309,07/18/24 01:20:00 AM,29.152,,,
12310,07/18/24 01:30:00 AM,29.152,,,
12311,07/18/24 01:40:00 AM,29.152,,,
12312,07/18/24 01:50:00 AM,29.152,,,
12313,07/18/24 02:00:00 AM,29.152,,,
12314,07/18/24 02:10:00 AM,29.152,,,
12315,07/18/24 02:20:00 AM,29.053,,,
12316,07/18/24 02:30:00 AM,29.053,,,
12317,07/18/24 02:40:00 AM,29.053,,,
12318,07/18/24 02:50:00 AM,29.053,,,
12319,07/18/24 03:00:00 AM,29.053,,,
12320,07/18/24 03:10:00 AM,28.953,,,
12321,07/18/24 03:20:00 AM,28.953,,,
12322,07/18/24 03:30:00 AM,28.953,,,
12323,07/18/24 03:40:00 AM,28.953,,,
12324,07/18/24 03:50:00 AM,28.853,,,
12325,07/18/24 04:00:00 AM,28.853,,,
12326,07/18/24 04:10:00 AM,28.853,,,
12327,07/18/24 04:20:00 AM,28.853,,,
12328,07/18/24 04:30:00 AM,28.853,,,
12329,07/18/24 04:40:00 AM,28.555,,,
12330,07/18/24 04:50:00 AM,28.655,,,
12331,07/18/24 05:00:00 AM,28.555,,,
12332,07/18/24 05:10:00 AM,28.456,,,
12333,07/18/24 05:20:00 AM,28.357,,,
12334,07/18/24 05:30:00 AM,28.357,,,
12335,07/18/24 05:40:00 AM,28.456,,,
12336,07/18/24 05:50:00 AM,28.258,,,
12337,07/18/24 06:00:00 AM,28.258,,,
12338,07/18/24 06:10:00 AM,28.258,,,
12339,07/18/24 06:20:00 AM,28.258,,,
12340,07/18/24 06:30:00 AM,28.258,,,
12341,07/18/24 06:40:00 AM,28.159,,,
12342,07/18/24 06:50:00 AM,28.060,,,
12343,07/18/24 07:00:00 AM,28.060,,,
12344,07/18/24 07:10:00 AM,28.159,,,
12345,07/18/24 07:20:00 AM,28.060,,,
12346,07/18/24 07:30:00 AM,28.060,,,
12347,07/18/24 07:40:00 AM,28.060,,,
12348,07/18/24 07:50:00 AM,28.060,,,
12349,07/18/24 08:00:00 AM,28.060,,,
12350,07/18/24 08:10:00 AM,28.060,,,
12351,07/18/24 08:20:00 AM,28.060,,,
12352,07/18/24 08:30:00 AM,28.060,,,
12353,07/18/24 08:40:00 AM,28.159,,,
12354,07/18/24 08:50:00 AM,28.159,,,
12355,07/18/24 09:00:00 AM,28.258,,,
12356,07/18/24 09:10:00 AM,28.357,,,
12357,07/18/24 09:20:00 AM,28.456,,,
12358,07/18/24 09:30:00 AM,28.456,,,
12359,07/18/24 09:40:00 AM,28.456,,,
12360,07/18/24 09:50:00 AM,28.456,,,
12361,07/18/24 10:00:00 AM,28.456,,,
12362,07/18/24 10:10:00 AM,28.456,,,
12363,07/18/24 10:20:00 AM,28.456,,,
12364,07/18/24 10:30:00 AM,28.456,,,
12365,07/18/24 10:40:00 AM,28.555,,,
12366,07/18/24 10:50:00 AM,28.655,,,
12367,07/18/24 11:00:00 AM,28.655,,,
12368,07/18/24 11:10:00 AM,28.456,,,
12369,07/18/24 11:20:00 AM,28.655,,,
12370,07/18/24 11:30:00 AM,28.456,,,
12371,07/18/24 11:40:00 AM,28.555,,,
12372,07/18/24 11:50:00 AM,28.555,,,
12373,07/18/24 12:00:00 PM,28.754,,,
12374,07/18/24 12:10:00 PM,28.655,,,
12375,07/18/24 12:20:00 PM,28.853,,,
12376,07/18/24 12:30:00 PM,28.953,,,
12377,07/18/24 12:40:00 PM,28.754,,,
12378,07/18/24 12:50:00 PM,28.853,,,
12379,07/18/24 01:00:00 PM,29.053,,,
12380,07/18/24 01:10:00 PM,29.152,,,
12381,07/18/24 01:20:00 PM,29.352,,,
12382,07/18/24 01:30:00 PM,29.352,,,
12383,07/18/24 01:40:00 PM,29.352,,,
12384,07/18/24 01:50:00 PM,29.352,,,
12385,07/18/24 02:00:00 PM,29.352,,,
12386,07/18/24 02:10:00 PM,29.452,,,
12387,07/18/24 02:20:00 PM,29.452,,,
12388,07/18/24 02:30:00 PM,29.552,,,
12389,07/18/24 02:40:00 PM,29.652,,,
12390,07/18/24 02:50:00 PM,29.953,,,
12391,07/18/24 03:00:00 PM,29.953,,,
12392,07/18/24 03:10:00 PM,29.853,,,
12393,07/18/24 03:20:00 PM,30.054,,,
12394,07/18/24 03:30:00 PM,30.054,,,
12395,07/18/24 03:40:00 PM,30.154,,,
12396,07/18/24 03:50:00 PM,29.953,,,
12397,07/18/24 04:00:00 PM,30.054,,,
12398,07/18/24 04:10:00 PM,29.953,,,
12399,07/18/24 04:20:00 PM,29.853,,,
12400,07/18/24 04:30:00 PM,29.853,,,
12401,07/18/24 04:40:00 PM,29.953,,,
12402,07/18/24 04:50:00 PM,29.953,,,
12403,07/18/24 05:00:00 PM,29.853,,,
12404,07/18/24 05:10:00 PM,29.953,,,
12405,07/18/24 05:20:00 PM,29.953,,,
12406,07/18/24 05:30:00 PM,29.953,,,
12407,07/18/24 05:40:00 PM,29.853,,,
12408,07/18/24 05:50:00 PM,29.853,,,
12409,07/18/24 06:00:00 PM,29.752,,,
12410,07/18/24 06:10:00 PM,29.752,,,
12411,07/18/24 06:20:00 PM,29.752,,,
12412,07/18/24 06:30:00 PM,29.752,,,
12413,07/18/24 06:40:00 PM,29.752,,,
12414,07/18/24 06:50:00 PM,29.853,,,
12415,07/18/24 07:00:00 PM,29.752,,,
12416,07/18/24 07:10:00 PM,29.752,,,
12417,07/18/24 07:20:00 PM,29.752,,,
12418,07/18/24 07:30:00 PM,29.752,,,
12419,07/18/24 07:40:00 PM,29.652,,,
12420,07/18/24 07:50:00 PM,29.652,,,
12421,07/18/24 08:00:00 PM,29.652,,,
12422,07/18/24 08:10:00 PM,29.652,,,
12423,07/18/24 08:20:00 PM,29.652,,,
12424,07/18/24 08:30:00 PM,29.652,,,
12425,07/18/24 08:40:00 PM,29.652,,,
12426,07/18/24 08:50:00 PM,29.652,,,
12427,07/18/24 09:00:00 PM,29.552,,,
12428,07/18/24 09:10:00 PM,29.552,,,
12429,07/18/24 09:20:00 PM,29.652,,,
12430,07/18/24 09:30:00 PM,29.552,,,
12431,07/18/24 09:40:00 PM,29.652,,,
12432,07/18/24 09:50:00 PM,29.652,,,
12433,07/18/24 10:00:00 PM,29.552,,,
12434,07/18/24 10:10:00 PM,29.552,,,
12435,07/18/24 10:20:00 PM,29.552,,,
12436,07/18/24 10:30:00 PM,29.552,,,
12437,07/18/24 10:40:00 PM,29.452,,,
12438,07/18/24 10:50:00 PM,29.452,,,
12439,07/18/24 11:00:00 PM,29.352,,,
12440,07/18/24 11:10:00 PM,29.352,,,
12441,07/18/24 11:20:00 PM,29.352,,,
12442,07/18/24 11:30:00 PM,29.252,,,
12443,07/18/24 11:40:00 PM,29.252,,,
12444,07/18/24 11:50:00 PM,29.152,,,
12445,07/19/24 12:00:00 AM,29.252,,,
12446,07/19/24 12:10:00 AM,29.252,,,
12447,07/19/24 12:20:00 AM,29.152,,,
12448,07/19/24 12:30:00 AM,29.053,,,
12449,07/19/24 12:40:00 AM,29.053,,,
12450,07/19/24 12:50:00 AM,29.053,,,
12451,07/19/24 01:00:00 AM,28.853,,,
12452,07/19/24 01:10:00 AM,28.754,,,
12453,07/19/24 01:20:00 AM,28.853,,,
12454,07/19/24 01:30:00 AM,28.853,,,
12455,07/19/24 01:40:00 AM,28.754,,,
12456,07/19/24 01:50:00 AM,28.754,,,
12457,07/19/24 02:00:00 AM,28.655,,,
12458,07/19/24 02:10:00 AM,28.655,,,
12459,07/19/24 02:20:00 AM,28.754,,,
12460,07/19/24 02:30:00 AM,28.655,,,
12461,07/19/24 02:40:00 AM,28.655,,,
12462,07/19/24 02:50:00 AM,28.655,,,
12463,07/19/24 03:00:00 AM,28.555,,,
12464,07/19/24 03:10:00 AM,28.655,,,
12465,07/19/24 03:20:00 AM,28.555,,,
12466,07/19/24 03:30:00 AM,28.456,,,
12467,07/19/24 03:40:00 AM,28.456,,,
12468,07/19/24 03:50:00 AM,28.456,,,
12469,07/19/24 04:00:00 AM,28.357,,,
12470,07/19/24 04:10:00 AM,28.456,,,
12471,07/19/24 04:20:00 AM,28.357,,,
12472,07/19/24 04:30:00 AM,28.258,,,
12473,07/19/24 04:40:00 AM,28.258,,,
12474,07/19/24 04:50:00 AM,28.159,,,
12475,07/19/24 05:00:00 AM,28.159,,,
12476,07/19/24 05:10:00 AM,28.159,,,
12477,07/19/24 05:20:00 AM,28.060,,,
12478,07/19/24 05:30:00 AM,28.060,,,
12479,07/19/24 05:40:00 AM,28.060,,,
12480,07/19/24 05:50:00 AM,28.060,,,
12481,07/19/24 06:00:00 AM,28.060,,,
12482,07/19/24 06:10:00 AM,27.961,,,
12483,07/19/24 06:20:00 AM,27.961,,,
12484,07/19/24 06:30:00 AM,27.961,,,
12485,07/19/24 06:40:00 AM,27.961,,,
12486,07/19/24 06:50:00 AM,27.961,,,
12487,07/19/24 07:00:00 AM,27.961,,,
12488,07/19/24 07:10:00 AM,27.961,,,
12489,07/19/24 07:20:00 AM,27.961,,,
12490,07/19/24 07:30:00 AM,27.961,,,
12491,07/19/24 07:40:00 AM,27.961,,,
12492,07/19/24 07:50:00 AM,28.060,,,
12493,07/19/24 08:00:00 AM,28.060,,,
12494,07/19/24 08:10:00 AM,28.159,,,
12495,07/19/24 08:20:00 AM,28.258,,,
12496,07/19/24 08:30:00 AM,28.258,,,
12497,07/19/24 08:40:00 AM,28.357,,,
12498,07/19/24 08:50:00 AM,28.357,,,
12499,07/19/24 09:00:00 AM,28.456,,,
12500,07/19/24 09:10:00 AM,28.555,,,
12501,07/19/24 09:20:00 AM,28.555,,,
12502,07/19/24 09:30:00 AM,28.655,,,
12503,07/19/24 09:40:00 AM,28.555,,,
12504,07/19/24 09:50:00 AM,28.555,,,
12505,07/19/24 10:00:00 AM,28.655,,,
12506,07/19/24 10:10:00 AM,28.655,,,
12507,07/19/24 10:20:00 AM,28.655,,,
12508,07/19/24 10:30:00 AM,28.754,,,
12509,07/19/24 10:40:00 AM,28.853,,,
12510,07/19/24 10:50:00 AM,28.754,,,
12511,07/19/24 11:00:00 AM,28.853,,,
12512,07/19/24 11:10:00 AM,28.953,,,
12513,07/19/24 11:20:00 AM,29.053,,,
12514,07/19/24 11:30:00 AM,29.053,,,
12515,07/19/24 11:40:00 AM,28.953,,,
12516,07/19/24 11:50:00 AM,29.053,,,
12517,07/19/24 12:00:00 PM,29.053,,,
12518,07/19/24 12:10:00 PM,29.152,,,
12519,07/19/24 12:20:00 PM,29.152,,,
12520,07/19/24 12:28:53 PM,,Logged,,
12521,07/19/24 12:29:00 PM,,,Logged,Logged
